TS	Tilt	Phase	Amplitude	PLL_Locked	TempSensor1	TempSensor2
2020-02-05 15:57:10.120	0.00	-86.1151	-22.5897	1	292.420013	292.690002
2020-02-05 15:57:11.045	0.00	-86.1698	-22.5894	1	292.420013	292.700012
2020-02-05 15:57:11.975	0.00	-86.1116	-22.5939	1	292.410004	292.679993
2020-02-05 15:57:12.920	0.00	-86.1918	-22.5890	1	292.420013	292.670013
2020-02-05 15:57:13.849	0.00	-86.1828	-22.5896	1	292.420013	292.670013
2020-02-05 15:57:14.824	0.00	-86.1104	-22.5880	1	292.429993	292.679993
2020-02-05 15:57:15.749	0.00	-86.2211	-22.5906	1	292.420013	292.679993
2020-02-05 15:57:16.677	0.00	-86.2094	-22.5851	1	292.429993	292.679993
2020-02-05 15:57:17.632	0.00	-86.3350	-22.5878	1	292.429993	292.679993
2020-02-05 15:57:18.566	0.00	-86.4210	-22.5873	1	292.429993	292.709991
2020-02-05 15:57:19.502	0.00	-86.4024	-22.5893	1	292.420013	292.670013
2020-02-05 15:57:20.455	0.00	-86.4415	-22.5911	1	292.420013	292.679993
2020-02-05 15:57:21.385	0.00	-86.4007	-22.5923	1	292.420013	292.679993
2020-02-05 15:57:22.358	0.00	-86.4515	-22.5899	1	292.420013	292.690002
2020-02-05 15:57:23.271	0.00	-86.4377	-22.5927	1	292.420013	292.679993
2020-02-05 15:57:24.241	0.00	-86.4059	-22.5953	1	292.429993	292.679993
2020-02-05 15:57:25.166	0.00	-86.6066	-22.5923	1	292.429993	292.670013
2020-02-05 15:57:26.119	0.00	-86.6141	-22.5921	1	292.429993	292.679993
2020-02-05 15:57:27.046	0.00	-86.6767	-22.5987	1	292.420013	292.679993
2020-02-05 15:57:27.987	0.00	-86.7320	-22.5943	1	292.410004	292.679993
2020-02-05 15:57:28.950	0.00	-86.6720	-22.5909	1	292.420013	292.700012
2020-02-05 15:57:29.883	0.00	-86.7360	-22.5911	1	292.410004	292.679993
2020-02-05 15:57:30.824	0.00	-86.6438	-22.5958	1	292.420013	292.679993
2020-02-05 15:57:31.769	0.00	-86.6246	-22.5965	1	292.429993	292.679993
2020-02-05 15:57:32.710	0.00	-86.7114	-22.5998	1	292.429993	292.679993
2020-02-05 15:57:33.663	0.00	-86.6350	-22.5902	1	292.420013	292.679993
2020-02-05 15:57:34.587	0.00	-86.7584	-22.5953	1	292.420013	292.679993
2020-02-05 15:57:35.549	0.00	-86.7258	-22.5995	1	292.399994	292.679993
2020-02-05 15:57:36.468	0.00	-86.7158	-22.5955	1	292.410004	292.690002
2020-02-05 15:57:37.405	0.00	-86.7830	-22.5927	1	292.420013	292.679993
2020-02-05 15:57:38.358	0.00	-86.7383	-22.5943	1	292.410004	292.690002
2020-02-05 15:57:39.298	0.00	-86.8855	-22.5942	1	292.420013	292.690002
2020-02-05 15:57:40.251	0.00	-86.8706	-22.5943	1	292.429993	292.679993
2020-02-05 15:57:41.182	0.00	-86.8534	-22.6004	1	292.420013	292.679993
2020-02-05 15:57:42.091	0.00	-86.9388	-22.6054	1	292.410004	292.679993
2020-02-05 15:57:43.069	0.00	-86.9073	-22.6031	1	292.420013	292.679993
2020-02-05 15:57:43.992	0.00	-87.0499	-22.6088	1	292.410004	292.679993
2020-02-05 15:57:44.966	0.00	-87.0339	-22.6035	1	292.410004	292.660004
2020-02-05 15:57:45.896	0.00	-86.9641	-22.6006	1	292.420013	292.679993
2020-02-05 15:57:46.827	0.00	-87.0732	-22.6046	1	292.410004	292.679993
2020-02-05 15:57:47.791	0.00	-87.0483	-22.6054	1	292.410004	292.679993
2020-02-05 15:57:48.719	0.00	-87.1586	-22.6085	1	292.420013	292.679993
2020-02-05 15:57:49.688	0.00	-87.2911	-22.6014	1	292.420013	292.670013
2020-02-05 15:57:50.596	0.00	-87.2212	-22.6087	1	292.410004	292.670013
2020-02-05 15:57:51.540	0.00	-87.2500	-22.5997	1	292.420013	292.660004
2020-02-05 15:57:52.500	0.00	-87.2335	-22.5986	1	292.420013	292.670013
2020-02-05 15:57:53.432	0.00	-87.2191	-22.6077	1	292.420013	292.670013
2020-02-05 15:57:54.378	0.00	-87.2706	-22.5944	1	292.410004	292.679993
2020-02-05 15:57:55.320	0.00	-87.2544	-22.5980	1	292.410004	292.679993
2020-02-05 15:57:56.276	0.00	-87.3191	-22.6040	1	292.420013	292.679993
2020-02-05 15:57:57.202	0.00	-87.3814	-22.6026	1	292.420013	292.660004
2020-02-05 15:57:58.137	0.00	-87.4832	-22.6106	1	292.420013	292.679993
2020-02-05 15:57:59.112	0.00	-87.5706	-22.6160	1	292.410004	292.679993
2020-02-05 15:58:00.028	0.00	-87.5195	-22.6051	1	292.420013	292.690002
2020-02-05 15:58:01.030	0.00	-87.6809	-22.6129	1	292.410004	292.670013
2020-02-05 15:58:01.907	0.00	-87.6459	-22.6079	1	292.420013	292.679993
2020-02-05 15:58:02.844	0.00	-87.6822	-22.6035	1	292.410004	292.670013
2020-02-05 15:58:03.819	0.00	-87.7534	-22.6107	1	292.399994	292.679993
2020-02-05 15:58:04.730	0.00	-87.7841	-22.6112	1	292.410004	292.670013
2020-02-05 15:58:05.688	0.00	-87.8387	-22.6094	1	292.420013	292.679993
2020-02-05 15:58:06.594	0.00	-87.7342	-22.6110	1	292.410004	292.679993
2020-02-05 15:58:07.540	0.00	-87.7811	-22.6030	1	292.420013	292.690002
2020-02-05 15:58:08.491	0.00	-87.7889	-22.6026	1	292.410004	292.679993
2020-02-05 15:58:09.430	0.00	-87.7702	-22.6032	1	292.429993	292.679993
2020-02-05 15:58:10.379	0.00	-87.8184	-22.6065	1	292.420013	292.670013
2020-02-05 15:58:11.320	0.00	-87.7871	-22.5988	1	292.410004	292.679993
2020-02-05 15:58:12.263	0.00	-87.7457	-22.6056	1	292.420013	292.670013
2020-02-05 15:58:13.216	0.00	-87.7677	-22.6074	1	292.420013	292.679993
2020-02-05 15:58:14.145	0.00	-87.7132	-22.6085	1	292.420013	292.670013
2020-02-05 15:58:15.097	0.00	-87.7744	-22.6056	1	292.420013	292.670013
2020-02-05 15:58:16.025	0.00	-87.7486	-22.6024	1	292.420013	292.670013
2020-02-05 15:58:16.964	0.00	-87.8073	-22.6014	1	292.429993	292.679993
2020-02-05 15:58:17.923	0.00	-87.8903	-22.6018	1	292.420013	292.670013
2020-02-05 15:58:18.855	0.00	-87.8980	-22.6000	1	292.420013	292.679993
2020-02-05 15:58:19.773	0.00	-87.9185	-22.6156	1	292.410004	292.670013
2020-02-05 15:58:20.745	0.00	-87.8436	-22.6105	1	292.429993	292.690002
2020-02-05 15:58:21.685	0.00	-87.9028	-22.6132	1	292.410004	292.679993
2020-02-05 15:58:22.624	0.00	-87.8480	-22.6084	1	292.410004	292.670013
2020-02-05 15:58:23.571	0.00	-87.6987	-22.6159	1	292.410004	292.660004
2020-02-05 15:58:24.489	0.00	-87.7234	-22.6089	1	292.420013	292.679993
2020-02-05 15:58:25.449	0.00	-87.5412	-22.6127	1	292.399994	292.660004
2020-02-05 15:58:26.383	0.00	-87.6085	-22.6141	1	292.420013	292.670013
2020-02-05 15:58:27.334	0.00	-87.5466	-22.6203	1	292.420013	292.679993
2020-02-05 15:58:28.275	0.00	-87.6132	-22.6153	1	292.410004	292.670013
2020-02-05 15:58:29.209	0.00	-87.7255	-22.6193	1	292.410004	292.649994
2020-02-05 15:58:30.160	0.00	-87.6635	-22.6053	1	292.429993	292.679993
2020-02-05 15:58:31.081	0.00	-87.6959	-22.6107	1	292.410004	292.679993
2020-02-05 15:58:32.042	0.00	-87.6876	-22.6156	1	292.420013	292.679993
2020-02-05 15:58:32.973	0.00	-87.6612	-22.6359	1	292.420013	292.660004
2020-02-05 15:58:33.943	0.00	-87.5952	-22.6329	1	292.410004	292.679993
2020-02-05 15:58:34.859	0.00	-87.5216	-22.6259	1	292.420013	292.670013
2020-02-05 15:58:35.804	0.00	-87.5253	-22.6255	1	292.410004	292.660004
2020-02-05 15:58:36.755	0.00	-87.5613	-22.6172	1	292.410004	292.660004
2020-02-05 15:58:37.721	0.00	-87.5517	-22.6207	1	292.410004	292.660004
2020-02-05 15:58:38.633	0.00	-87.7061	-22.6210	1	292.420013	292.670013
2020-02-05 15:58:39.571	0.00	-87.7043	-22.6219	1	292.410004	292.660004
2020-02-05 15:58:40.511	0.00	-87.7478	-22.6168	1	292.410004	292.670013
2020-02-05 15:58:41.449	0.00	-87.6579	-22.6141	1	292.420013	292.670013
2020-02-05 15:58:42.386	0.00	-87.5861	-22.6139	1	292.399994	292.670013
2020-02-05 15:58:43.346	0.00	-87.5531	-22.6021	1	292.420013	292.660004
2020-02-05 15:58:44.258	0.00	-87.5263	-22.6033	1	292.410004	292.660004
2020-02-05 15:58:45.203	0.00	-87.6009	-22.6131	1	292.420013	292.670013
2020-02-05 15:58:46.136	0.00	-87.4824	-22.6159	1	292.410004	292.670013
2020-02-05 15:58:47.053	0.00	-87.4545	-22.6157	1	292.410004	292.679993
2020-02-05 15:58:48.008	0.00	-87.4265	-22.6260	1	292.410004	292.679993
2020-02-05 15:58:48.936	0.00	-87.4249	-22.6279	1	292.410004	292.670013
2020-02-05 15:58:49.888	0.00	-87.4264	-22.6340	1	292.410004	292.679993
2020-02-05 15:58:50.823	0.00	-87.4071	-22.6333	1	292.410004	292.679993
2020-02-05 15:58:51.764	0.00	-87.4307	-22.6312	1	292.429993	292.660004
2020-02-05 15:58:52.702	0.00	-87.2866	-22.6228	1	292.420013	292.679993
2020-02-05 15:58:53.660	0.00	-87.3043	-22.6220	1	292.420013	292.670013
2020-02-05 15:58:54.585	0.00	-87.3122	-22.6228	1	292.410004	292.670013
2020-02-05 15:58:55.522	0.00	-87.2245	-22.6275	1	292.410004	292.670013
2020-02-05 15:58:56.469	0.00	-87.2696	-22.6369	1	292.399994	292.660004
2020-02-05 15:58:57.420	0.00	-87.1806	-22.6417	1	292.410004	292.660004
2020-02-05 15:58:58.368	0.00	-87.3010	-22.6481	1	292.420013	292.679993
2020-02-05 15:58:59.291	0.00	-87.2618	-22.6413	1	292.420013	292.670013
2020-02-05 15:59:00.214	0.00	-87.2904	-22.6466	1	292.420013	292.660004
2020-02-05 15:59:01.169	0.00	-87.3401	-22.6453	1	292.410004	292.670013
2020-02-05 15:59:02.120	0.00	-87.1730	-22.6434	1	292.410004	292.660004
2020-02-05 15:59:03.073	0.00	-87.3127	-22.6390	1	292.410004	292.660004
2020-02-05 15:59:04.001	0.00	-87.3916	-22.6445	1	292.410004	292.670013
2020-02-05 15:59:04.936	0.00	-87.5018	-22.6342	1	292.410004	292.679993
2020-02-05 15:59:05.895	0.00	-87.5404	-22.6305	1	292.410004	292.670013
2020-02-05 15:59:06.825	0.00	-87.5111	-22.6280	1	292.410004	292.670013
2020-02-05 15:59:07.769	0.00	-87.5736	-22.6313	1	292.410004	292.660004
2020-02-05 15:59:08.706	0.00	-87.5433	-22.6481	1	292.410004	292.660004
2020-02-05 15:59:09.647	0.00	-87.4381	-22.6464	1	292.410004	292.670013
2020-02-05 15:59:10.594	0.00	-87.4925	-22.6366	1	292.410004	292.660004
2020-02-05 15:59:11.515	0.00	-87.4607	-22.6418	1	292.420013	292.660004
2020-02-05 15:59:12.460	0.00	-87.6643	-22.6373	1	292.410004	292.670013
2020-02-05 15:59:13.409	0.00	-87.5952	-22.6502	1	292.410004	292.670013
2020-02-05 15:59:14.353	0.00	-87.6754	-22.6447	1	292.429993	292.660004
2020-02-05 15:59:15.285	0.00	-87.7047	-22.6381	1	292.410004	292.670013
2020-02-05 15:59:16.224	0.00	-87.7594	-22.6495	1	292.410004	292.670013
2020-02-05 15:59:17.147	0.00	-87.7907	-22.6460	1	292.410004	292.670013
2020-02-05 15:59:18.116	0.00	-87.8045	-22.6551	1	292.420013	292.660004
2020-02-05 15:59:19.029	0.00	-87.8132	-22.6541	1	292.420013	292.640015
2020-02-05 15:59:19.959	0.00	-87.7776	-22.6560	1	292.420013	292.660004
2020-02-05 15:59:20.918	0.00	-87.8405	-22.6518	1	292.410004	292.670013
2020-02-05 15:59:21.849	0.00	-87.8225	-22.6408	1	292.420013	292.670013
2020-02-05 15:59:22.787	0.00	-87.8706	-22.6493	1	292.420013	292.660004
2020-02-05 15:59:23.736	0.00	-87.9613	-22.6470	1	292.420013	292.660004
2020-02-05 15:59:24.668	0.00	-87.9261	-22.6409	1	292.420013	292.670013
2020-02-05 15:59:25.621	0.00	-87.9548	-22.6471	1	292.440002	292.660004
2020-02-05 15:59:26.553	0.00	-87.8714	-22.6471	1	292.420013	292.660004
2020-02-05 15:59:27.496	0.00	-87.7043	-22.6424	1	292.429993	292.660004
2020-02-05 15:59:28.442	0.00	-87.7000	-22.6500	1	292.429993	292.660004
2020-02-05 15:59:29.376	0.00	-87.6198	-22.6480	1	292.420013	292.660004
2020-02-05 15:59:30.332	0.00	-87.7370	-22.6524	1	292.420013	292.660004
2020-02-05 15:59:31.243	0.00	-87.7305	-22.6555	1	292.429993	292.660004
2020-02-05 15:59:32.185	0.00	-87.7848	-22.6474	1	292.420013	292.670013
2020-02-05 15:59:33.126	0.00	-87.7959	-22.6570	1	292.440002	292.670013
2020-02-05 15:59:34.072	0.00	-87.7437	-22.6467	1	292.429993	292.670013
2020-02-05 15:59:35.033	0.00	-87.7726	-22.6509	1	292.420013	292.660004
2020-02-05 15:59:35.955	0.00	-87.7027	-22.6393	1	292.429993	292.660004
2020-02-05 15:59:36.857	0.00	-87.8269	-22.6445	1	292.429993	292.670013
2020-02-05 15:59:37.835	0.00	-87.7179	-22.6536	1	292.429993	292.670013
2020-02-05 15:59:38.792	0.00	-87.6795	-22.6529	1	292.420013	292.670013
2020-02-05 15:59:39.720	0.00	-87.6724	-22.6494	1	292.420013	292.660004
2020-02-05 15:59:40.662	0.00	-87.5717	-22.6634	1	292.420013	292.660004
2020-02-05 15:59:41.582	0.00	-87.4852	-22.6662	1	292.420013	292.670013
2020-02-05 15:59:42.550	0.00	-87.4415	-22.6701	1	292.420013	292.670013
2020-02-05 15:59:43.476	0.00	-87.4122	-22.6681	1	292.429993	292.679993
2020-02-05 15:59:44.406	0.00	-87.5215	-22.6712	1	292.440002	292.649994
2020-02-05 15:59:45.353	0.00	-87.5002	-22.6704	1	292.440002	292.640015
2020-02-05 15:59:46.301	0.00	-87.5233	-22.6667	1	292.429993	292.660004
2020-02-05 15:59:47.246	0.00	-87.5009	-22.6670	1	292.429993	292.660004
2020-02-05 15:59:48.189	0.00	-87.5069	-22.6670	1	292.429993	292.670013
2020-02-05 15:59:49.143	0.00	-87.5775	-22.6684	1	292.429993	292.679993
2020-02-05 15:59:50.065	0.00	-87.5129	-22.6614	1	292.440002	292.670013
2020-02-05 15:59:51.012	0.00	-87.5984	-22.6651	1	292.429993	292.670013
2020-02-05 15:59:51.931	0.00	-87.5428	-22.6672	1	292.429993	292.670013
2020-02-05 15:59:52.878	0.00	-87.5849	-22.6671	1	292.420013	292.670013
2020-02-05 15:59:53.828	0.00	-87.5552	-22.6725	1	292.420013	292.670013
2020-02-05 15:59:54.782	0.00	-87.4898	-22.6710	1	292.429993	292.660004
2020-02-05 15:59:55.703	0.00	-87.5038	-22.6712	1	292.420013	292.670013
2020-02-05 15:59:56.663	0.00	-87.4234	-22.6682	1	292.420013	292.660004
2020-02-05 15:59:57.577	0.00	-87.4267	-22.6743	1	292.429993	292.660004
2020-02-05 15:59:58.519	0.00	-87.4285	-22.6719	1	292.429993	292.670013
2020-02-05 15:59:59.444	0.00	-87.4340	-22.6682	1	292.420013	292.660004
2020-02-05 16:00:00.391	0.00	-87.4455	-22.6617	1	292.429993	292.679993
2020-02-05 16:00:01.341	0.00	-87.4338	-22.6677	1	292.440002	292.649994
2020-02-05 16:00:02.276	0.00	-87.5578	-22.6704	1	292.420013	292.670013
2020-02-05 16:00:03.207	0.00	-87.5233	-22.6703	1	292.420013	292.660004
2020-02-05 16:00:04.186	0.00	-87.5644	-22.6701	1	292.420013	292.660004
2020-02-05 16:00:05.082	0.00	-87.5229	-22.6711	1	292.440002	292.660004
2020-02-05 16:00:06.023	0.00	-87.4231	-22.6691	1	292.429993	292.660004
2020-02-05 16:00:06.976	0.00	-87.3779	-22.6715	1	292.420013	292.660004
2020-02-05 16:00:07.912	0.00	-87.2555	-22.6782	1	292.440002	292.660004
2020-02-05 16:00:08.871	0.00	-87.2288	-22.6764	1	292.429993	292.660004
2020-02-05 16:00:09.801	0.00	-87.1250	-22.6698	1	292.429993	292.660004
2020-02-05 16:00:10.731	0.00	-87.1681	-22.6727	1	292.420013	292.660004
2020-02-05 16:00:11.687	0.00	-87.2351	-22.6746	1	292.429993	292.660004
2020-02-05 16:00:12.621	0.00	-87.2188	-22.6744	1	292.440002	292.660004
2020-02-05 16:00:13.600	0.00	-87.3449	-22.6661	1	292.450012	292.670013
2020-02-05 16:00:14.498	0.00	-87.2991	-22.6706	1	292.429993	292.660004
2020-02-05 16:00:15.439	0.00	-87.3002	-22.6731	1	292.429993	292.660004
2020-02-05 16:00:16.390	0.00	-87.2415	-22.6767	1	292.420013	292.660004
2020-02-05 16:00:17.315	0.00	-87.1799	-22.6740	1	292.440002	292.670013
2020-02-05 16:00:18.270	0.00	-87.2026	-22.6700	1	292.440002	292.670013
2020-02-05 16:00:19.199	0.00	-87.1773	-22.6731	1	292.429993	292.660004
2020-02-05 16:00:20.143	0.00	-87.2287	-22.6698	1	292.429993	292.660004
2020-02-05 16:00:21.090	0.00	-87.2727	-22.6694	1	292.420013	292.660004
2020-02-05 16:00:22.007	0.00	-87.2501	-22.6726	1	292.450012	292.670013
2020-02-05 16:00:22.937	0.00	-87.2587	-22.6675	1	292.450012	292.660004
2020-02-05 16:00:23.895	0.00	-87.1788	-22.6696	1	292.440002	292.660004
2020-02-05 16:00:24.836	0.00	-87.2096	-22.6710	1	292.429993	292.660004
2020-02-05 16:00:25.797	0.00	-87.1972	-22.6716	1	292.440002	292.660004
2020-02-05 16:00:26.717	0.00	-87.1942	-22.6681	1	292.440002	292.660004
2020-02-05 16:00:27.656	0.00	-87.2610	-22.6680	1	292.450012	292.649994
2020-02-05 16:00:28.607	0.00	-87.1223	-22.6704	1	292.440002	292.660004
2020-02-05 16:00:29.545	0.00	-87.1519	-22.6648	1	292.459991	292.649994
2020-02-05 16:00:30.484	0.00	-87.0281	-22.6680	1	292.440002	292.660004
2020-02-05 16:00:31.425	0.00	-87.0071	-22.6665	1	292.440002	292.670013
2020-02-05 16:00:32.352	0.00	-86.9694	-22.6599	1	292.440002	292.660004
2020-02-05 16:00:33.315	0.00	-86.9051	-22.6608	1	292.440002	292.649994
2020-02-05 16:00:34.258	0.00	-86.9779	-22.6624	1	292.420013	292.660004
2020-02-05 16:00:35.201	0.00	-86.9341	-22.6627	1	292.429993	292.649994
2020-02-05 16:00:36.135	0.00	-86.9127	-22.6585	1	292.429993	292.660004
2020-02-05 16:00:37.068	0.00	-86.9683	-22.6641	1	292.440002	292.649994
2020-02-05 16:00:38.021	0.00	-86.9719	-22.6647	1	292.429993	292.660004
2020-02-05 16:00:38.959	0.00	-87.0310	-22.6594	1	292.440002	292.660004
2020-02-05 16:00:39.915	0.00	-86.9749	-22.6589	1	292.440002	292.660004
2020-02-05 16:00:40.843	0.00	-86.9609	-22.6652	1	292.440002	292.660004
2020-02-05 16:00:41.762	0.00	-86.9393	-22.6660	1	292.429993	292.649994
2020-02-05 16:00:42.717	0.00	-86.8365	-22.6677	1	292.440002	292.649994
2020-02-05 16:00:43.670	0.00	-86.9278	-22.6652	1	292.429993	292.649994
2020-02-05 16:00:44.626	0.00	-86.8645	-22.6665	1	292.440002	292.649994
2020-02-05 16:00:45.557	0.00	-86.7929	-22.6623	1	292.440002	292.640015
2020-02-05 16:00:46.494	0.00	-86.7504	-22.6632	1	292.420013	292.649994
2020-02-05 16:00:47.419	0.00	-86.6846	-22.6616	1	292.420013	292.660004
2020-02-05 16:00:48.349	0.00	-86.7612	-22.6582	1	292.420013	292.649994
2020-02-05 16:00:49.320	0.00	-86.6855	-22.6620	1	292.420013	292.670013
2020-02-05 16:00:50.243	0.00	-86.7596	-22.6667	1	292.429993	292.649994
2020-02-05 16:00:51.186	0.00	-86.8029	-22.6608	1	292.440002	292.649994
2020-02-05 16:00:52.156	0.00	-86.7808	-22.6610	1	292.429993	292.649994
2020-02-05 16:00:53.051	0.00	-86.8495	-22.6574	1	292.420013	292.660004
2020-02-05 16:00:54.020	0.00	-86.8490	-22.6670	1	292.429993	292.660004
2020-02-05 16:00:54.970	0.00	-86.9252	-22.6649	1	292.440002	292.640015
2020-02-05 16:00:55.899	0.00	-86.9359	-22.6683	1	292.440002	292.660004
2020-02-05 16:00:56.838	0.00	-86.8046	-22.6700	1	292.420013	292.660004
2020-02-05 16:00:57.745	0.00	-86.8309	-22.6642	1	292.429993	292.649994
2020-02-05 16:00:58.716	0.00	-86.7278	-22.6662	1	292.429993	292.660004
2020-02-05 16:00:59.648	0.00	-86.7926	-22.6643	1	292.440002	292.660004
2020-02-05 16:01:00.592	0.00	-86.7965	-22.6627	1	292.420013	292.660004
2020-02-05 16:01:01.552	0.00	-86.8237	-22.6616	1	292.429993	292.660004
2020-02-05 16:01:02.472	0.00	-86.9071	-22.6627	1	292.420013	292.660004
2020-02-05 16:01:03.413	0.00	-86.8483	-22.6637	1	292.440002	292.649994
2020-02-05 16:01:04.359	0.00	-86.8393	-22.6631	1	292.440002	292.649994
2020-02-05 16:01:05.308	0.00	-86.7497	-22.6556	1	292.420013	292.660004
2020-02-05 16:01:06.247	0.00	-86.7575	-22.6554	1	292.420013	292.670013
2020-02-05 16:01:07.180	0.00	-86.8724	-22.6550	1	292.420013	292.660004
2020-02-05 16:01:08.121	0.00	-86.8636	-22.6623	1	292.420013	292.660004
2020-02-05 16:01:09.082	0.00	-86.9646	-22.6613	1	292.420013	292.649994
2020-02-05 16:01:09.988	0.00	-86.8907	-22.6549	1	292.420013	292.649994
2020-02-05 16:01:10.963	0.00	-86.8603	-22.6494	1	292.420013	292.660004
2020-02-05 16:01:11.887	0.00	-86.8884	-22.6515	1	292.429993	292.660004
2020-02-05 16:01:12.823	0.00	-86.8060	-22.6533	1	292.420013	292.660004
2020-02-05 16:01:13.808	0.00	-86.7882	-22.6442	1	292.429993	292.649994
2020-02-05 16:01:14.721	0.00	-86.7116	-22.6395	1	292.429993	292.660004
2020-02-05 16:01:15.672	0.00	-86.6294	-22.6440	1	292.429993	292.670013
2020-02-05 16:01:16.590	0.00	-86.6795	-22.6353	1	292.440002	292.660004
2020-02-05 16:01:17.542	0.00	-86.6039	-22.6459	1	292.429993	292.660004
2020-02-05 16:01:18.479	0.00	-86.6170	-22.6569	1	292.429993	292.660004
2020-02-05 16:01:19.429	0.00	-86.6067	-22.6523	1	292.429993	292.649994
2020-02-05 16:01:20.379	0.00	-86.5683	-22.6479	1	292.440002	292.660004
2020-02-05 16:01:21.309	0.00	-86.6000	-22.6500	1	292.429993	292.660004
2020-02-05 16:01:22.212	0.00	-86.4861	-22.6489	1	292.440002	292.649994
2020-02-05 16:01:23.190	0.00	-86.4858	-22.6454	1	292.420013	292.649994
2020-02-05 16:01:24.140	0.00	-86.4297	-22.6502	1	292.440002	292.649994
2020-02-05 16:01:25.061	0.00	-86.4631	-22.6448	1	292.440002	292.649994
2020-02-05 16:01:26.014	0.00	-86.5472	-22.6452	1	292.420013	292.649994
2020-02-05 16:01:26.941	0.00	-86.5922	-22.6418	1	292.429993	292.660004
2020-02-05 16:01:27.898	0.00	-86.7572	-22.6440	1	292.429993	292.660004
2020-02-05 16:01:28.815	0.00	-86.7659	-22.6404	1	292.429993	292.649994
2020-02-05 16:01:29.789	0.00	-86.7653	-22.6498	1	292.440002	292.649994
2020-02-05 16:01:30.717	0.00	-86.7770	-22.6490	1	292.440002	292.660004
2020-02-05 16:01:31.653	0.00	-86.7274	-22.6545	1	292.440002	292.670013
2020-02-05 16:01:32.625	0.00	-86.7611	-22.6530	1	292.440002	292.660004
2020-02-05 16:01:33.536	0.00	-86.8117	-22.6375	1	292.450012	292.660004
2020-02-05 16:01:34.500	0.00	-86.8482	-22.6390	1	292.440002	292.660004
2020-02-05 16:01:35.420	0.00	-86.8657	-22.6444	1	292.440002	292.660004
2020-02-05 16:01:36.357	0.00	-86.7818	-22.6538	1	292.440002	292.660004
2020-02-05 16:01:37.296	0.00	-86.8328	-22.6473	1	292.440002	292.649994
2020-02-05 16:01:38.245	0.00	-86.9125	-22.6453	1	292.429993	292.670013
2020-02-05 16:01:39.207	0.00	-87.0014	-22.6406	1	292.440002	292.660004
2020-02-05 16:01:40.136	0.00	-87.0924	-22.6439	1	292.450012	292.670013
2020-02-05 16:01:41.070	0.00	-87.0622	-22.6430	1	292.429993	292.670013
2020-02-05 16:01:42.015	0.00	-87.1314	-22.6387	1	292.440002	292.660004
2020-02-05 16:01:42.954	0.00	-87.1069	-22.6358	1	292.440002	292.670013
2020-02-05 16:01:43.913	0.00	-87.1551	-22.6448	1	292.440002	292.649994
2020-02-05 16:01:44.834	0.00	-87.2351	-22.6348	1	292.440002	292.660004
2020-02-05 16:01:45.769	0.00	-87.1508	-22.6386	1	292.440002	292.660004
2020-02-05 16:01:46.727	0.00	-87.1868	-22.6381	1	292.440002	292.660004
2020-02-05 16:01:47.658	0.00	-87.1235	-22.6294	1	292.420013	292.660004
2020-02-05 16:01:48.622	0.00	-87.1611	-22.6367	1	292.420013	292.660004
2020-02-05 16:01:49.560	0.00	-87.1952	-22.6372	1	292.429993	292.660004
2020-02-05 16:01:50.491	0.00	-87.1457	-22.6401	1	292.420013	292.660004
2020-02-05 16:01:51.419	0.00	-87.2647	-22.6368	1	292.450012	292.660004
2020-02-05 16:01:52.357	0.00	-87.2802	-22.6339	1	292.429993	292.660004
2020-02-05 16:01:53.330	0.00	-87.2892	-22.6338	1	292.440002	292.660004
2020-02-05 16:01:54.237	0.00	-87.3425	-22.6321	1	292.440002	292.660004
2020-02-05 16:01:55.179	0.00	-87.2000	-22.6409	1	292.440002	292.670013
2020-02-05 16:01:56.138	0.00	-87.2543	-22.6376	1	292.429993	292.640015
2020-02-05 16:01:57.070	0.00	-87.2025	-22.6358	1	292.440002	292.660004
2020-02-05 16:01:58.015	0.00	-87.2077	-22.6342	1	292.440002	292.649994
2020-02-05 16:01:58.964	0.00	-87.2089	-22.6240	1	292.429993	292.649994
2020-02-05 16:01:59.896	0.00	-87.0962	-22.6163	1	292.440002	292.660004
2020-02-05 16:02:00.829	0.00	-87.0973	-22.6226	1	292.429993	292.660004
2020-02-05 16:02:01.768	0.00	-87.0295	-22.6240	1	292.420013	292.649994
2020-02-05 16:02:02.699	0.00	-87.0726	-22.6166	1	292.440002	292.660004
2020-02-05 16:02:03.620	0.00	-86.9659	-22.6270	1	292.420013	292.649994
2020-02-05 16:02:04.584	0.00	-86.9776	-22.6232	1	292.429993	292.660004
2020-02-05 16:02:05.525	0.00	-86.8268	-22.6207	1	292.420013	292.649994
2020-02-05 16:02:06.460	0.00	-86.6778	-22.6237	1	292.429993	292.649994
2020-02-05 16:02:07.397	0.00	-86.6674	-22.6225	1	292.420013	292.649994
2020-02-05 16:02:08.358	0.00	-86.6711	-22.6211	1	292.440002	292.660004
2020-02-05 16:02:09.293	0.00	-86.7217	-22.6237	1	292.420013	292.640015
2020-02-05 16:02:10.230	0.00	-86.7734	-22.6281	1	292.429993	292.649994
2020-02-05 16:02:11.168	0.00	-86.6452	-22.6262	1	292.420013	292.660004
2020-02-05 16:02:12.120	0.00	-86.6353	-22.6286	1	292.420013	292.670013
2020-02-05 16:02:13.056	0.00	-86.6080	-22.6274	1	292.420013	292.649994
2020-02-05 16:02:14.007	0.00	-86.5895	-22.6316	1	292.440002	292.660004
2020-02-05 16:02:14.954	0.00	-86.5834	-22.6323	1	292.410004	292.660004
2020-02-05 16:02:15.881	0.00	-86.4757	-22.6446	1	292.429993	292.649994
2020-02-05 16:02:16.814	0.00	-86.4885	-22.6352	1	292.429993	292.660004
2020-02-05 16:02:17.774	0.00	-86.3861	-22.6387	1	292.429993	292.640015
2020-02-05 16:02:18.687	0.00	-86.3724	-22.6325	1	292.410004	292.640015
2020-02-05 16:02:19.662	0.00	-86.4483	-22.6300	1	292.429993	292.660004
2020-02-05 16:02:20.584	0.00	-86.3806	-22.6312	1	292.429993	292.660004
2020-02-05 16:02:21.523	0.00	-86.5026	-22.6275	1	292.420013	292.640015
2020-02-05 16:02:22.488	0.00	-86.5133	-22.6284	1	292.410004	292.630005
2020-02-05 16:02:23.378	0.00	-86.5434	-22.6339	1	292.420013	292.649994
2020-02-05 16:02:24.358	0.00	-86.6147	-22.6288	1	292.420013	292.649994
2020-02-05 16:02:25.294	0.00	-86.6256	-22.6348	1	292.420013	292.670013
2020-02-05 16:02:26.202	0.00	-86.6847	-22.6290	1	292.420013	292.660004
2020-02-05 16:02:27.170	0.00	-86.6298	-22.6285	1	292.429993	292.649994
2020-02-05 16:02:28.134	0.00	-86.6041	-22.6403	1	292.420013	292.640015
2020-02-05 16:02:29.082	0.00	-86.6593	-22.6256	1	292.420013	292.640015
2020-02-05 16:02:30.003	0.00	-86.5917	-22.6269	1	292.429993	292.660004
2020-02-05 16:02:30.936	0.00	-86.6497	-22.6278	1	292.429993	292.660004
2020-02-05 16:02:31.888	0.00	-86.5850	-22.6168	1	292.410004	292.660004
2020-02-05 16:02:32.842	0.00	-86.5727	-22.6218	1	292.440002	292.660004
2020-02-05 16:02:33.766	0.00	-86.5985	-22.6181	1	292.420013	292.640015
2020-02-05 16:02:34.707	0.00	-86.5034	-22.6196	1	292.420013	292.649994
2020-02-05 16:02:35.653	0.00	-86.6680	-22.6174	1	292.410004	292.649994
2020-02-05 16:02:36.586	0.00	-86.6818	-22.6127	1	292.420013	292.660004
2020-02-05 16:02:37.548	0.00	-86.7075	-22.6140	1	292.420013	292.649994
2020-02-05 16:02:38.486	0.00	-86.7421	-22.6123	1	292.420013	292.649994
2020-02-05 16:02:39.424	0.00	-86.6507	-22.6165	1	292.429993	292.649994
2020-02-05 16:02:40.365	0.00	-86.6705	-22.6179	1	292.429993	292.649994
2020-02-05 16:02:41.298	0.00	-86.6370	-22.6201	1	292.429993	292.660004
2020-02-05 16:02:42.245	0.00	-86.6727	-22.6225	1	292.420013	292.660004
2020-02-05 16:02:43.198	0.00	-86.6639	-22.6182	1	292.420013	292.640015
2020-02-05 16:02:44.126	0.00	-86.6144	-22.6178	1	292.429993	292.649994
2020-02-05 16:02:45.085	0.00	-86.7027	-22.6139	1	292.429993	292.649994
2020-02-05 16:02:46.024	0.00	-86.6700	-22.6149	1	292.440002	292.660004
2020-02-05 16:02:46.977	0.00	-86.5470	-22.6158	1	292.440002	292.649994
2020-02-05 16:02:47.927	0.00	-86.5463	-22.6203	1	292.429993	292.649994
2020-02-05 16:02:48.833	0.00	-86.5299	-22.6269	1	292.429993	292.660004
2020-02-05 16:02:49.763	0.00	-86.5899	-22.6278	1	292.429993	292.640015
2020-02-05 16:02:50.732	0.00	-86.5455	-22.6216	1	292.429993	292.640015
2020-02-05 16:02:51.635	0.00	-86.6273	-22.6254	1	292.429993	292.649994
2020-02-05 16:02:52.580	0.00	-86.6126	-22.6261	1	292.429993	292.649994
2020-02-05 16:02:53.532	0.00	-86.6419	-22.6178	1	292.440002	292.649994
2020-02-05 16:02:54.447	0.00	-86.7153	-22.6210	1	292.440002	292.640015
2020-02-05 16:02:55.421	0.00	-86.6932	-22.6210	1	292.440002	292.649994
2020-02-05 16:02:56.341	0.00	-86.7457	-22.6180	1	292.429993	292.660004
2020-02-05 16:02:57.287	0.00	-86.7054	-22.6189	1	292.440002	292.649994
2020-02-05 16:02:58.203	0.00	-86.7002	-22.6217	1	292.429993	292.649994
2020-02-05 16:02:59.197	0.00	-86.6987	-22.6235	1	292.429993	292.640015
2020-02-05 16:03:00.104	0.00	-86.5892	-22.6212	1	292.440002	292.649994
2020-02-05 16:03:01.048	0.00	-86.7016	-22.6185	1	292.440002	292.640015
2020-02-05 16:03:01.982	0.00	-86.6329	-22.6251	1	292.440002	292.649994
2020-02-05 16:03:02.929	0.00	-86.5907	-22.6196	1	292.440002	292.649994
2020-02-05 16:03:03.884	0.00	-86.5831	-22.6216	1	292.450012	292.660004
2020-02-05 16:03:04.829	0.00	-86.5052	-22.6237	1	292.450012	292.649994
2020-02-05 16:03:05.762	0.00	-86.5673	-22.6205	1	292.450012	292.640015
2020-02-05 16:03:06.688	0.00	-86.5622	-22.6179	1	292.440002	292.660004
2020-02-05 16:03:07.647	0.00	-86.6275	-22.6174	1	292.429993	292.649994
2020-02-05 16:03:08.581	0.00	-86.6724	-22.6171	1	292.440002	292.640015
2020-02-05 16:03:09.540	0.00	-86.6663	-22.6158	1	292.440002	292.640015
2020-02-05 16:03:10.442	0.00	-86.7525	-22.6175	1	292.440002	292.640015
2020-02-05 16:03:11.401	0.00	-86.6602	-22.6187	1	292.440002	292.660004
2020-02-05 16:03:12.348	0.00	-86.7005	-22.6174	1	292.450012	292.640015
2020-02-05 16:03:13.276	0.00	-86.7182	-22.6179	1	292.440002	292.649994
2020-02-05 16:03:14.225	0.00	-86.6016	-22.6173	1	292.440002	292.649994
2020-02-05 16:03:15.165	0.00	-86.5596	-22.6210	1	292.440002	292.640015
2020-02-05 16:03:16.113	0.00	-86.4053	-22.6200	1	292.440002	292.640015
2020-02-05 16:03:17.053	0.00	-86.5298	-22.6214	1	292.450012	292.640015
2020-02-05 16:03:18.002	0.00	-86.5550	-22.6161	1	292.450012	292.640015
2020-02-05 16:03:18.973	0.00	-86.5993	-22.6203	1	292.450012	292.640015
2020-02-05 16:03:19.864	0.00	-86.6469	-22.6200	1	292.450012	292.649994
2020-02-05 16:03:20.811	0.00	-86.5551	-22.6201	1	292.440002	292.630005
2020-02-05 16:03:21.776	0.00	-86.6268	-22.6221	1	292.450012	292.660004
2020-02-05 16:03:22.702	0.00	-86.6809	-22.6283	1	292.440002	292.640015
2020-02-05 16:03:23.660	0.00	-86.5552	-22.6281	1	292.450012	292.630005
2020-02-05 16:03:24.581	0.00	-86.6264	-22.6277	1	292.450012	292.649994
2020-02-05 16:03:25.517	0.00	-86.5978	-22.6305	1	292.450012	292.649994
2020-02-05 16:03:26.476	0.00	-86.5778	-22.6274	1	292.440002	292.640015
2020-02-05 16:03:27.409	0.00	-86.5565	-22.6265	1	292.459991	292.649994
2020-02-05 16:03:28.356	0.00	-86.5638	-22.6268	1	292.440002	292.649994
2020-02-05 16:03:29.293	0.00	-86.6471	-22.6268	1	292.459991	292.640015
2020-02-05 16:03:30.241	0.00	-86.5604	-22.6277	1	292.440002	292.640015
2020-02-05 16:03:31.173	0.00	-86.5817	-22.6248	1	292.459991	292.649994
2020-02-05 16:03:32.113	0.00	-86.4599	-22.6237	1	292.459991	292.649994
2020-02-05 16:03:33.014	0.00	-86.4794	-22.6264	1	292.450012	292.649994
2020-02-05 16:03:33.990	0.00	-86.4023	-22.6289	1	292.450012	292.649994
2020-02-05 16:03:34.916	0.00	-86.3163	-22.6280	1	292.450012	292.640015
2020-02-05 16:03:35.874	0.00	-86.4177	-22.6257	1	292.440002	292.649994
2020-02-05 16:03:36.802	0.00	-86.4458	-22.6286	1	292.459991	292.640015
2020-02-05 16:03:37.736	0.00	-86.5425	-22.6264	1	292.459991	292.640015
2020-02-05 16:03:38.687	0.00	-86.5323	-22.6283	1	292.450012	292.660004
2020-02-05 16:03:39.626	0.00	-86.4861	-22.6290	1	292.459991	292.649994
2020-02-05 16:03:40.573	0.00	-86.4810	-22.6297	1	292.459991	292.660004
2020-02-05 16:03:41.502	0.00	-86.4079	-22.6331	1	292.440002	292.640015
2020-02-05 16:03:42.447	0.00	-86.4153	-22.6334	1	292.450012	292.640015
2020-02-05 16:03:43.376	0.00	-86.3669	-22.6393	1	292.450012	292.640015
2020-02-05 16:03:44.337	0.00	-86.3767	-22.6389	1	292.440002	292.640015
2020-02-05 16:03:45.245	0.00	-86.3641	-22.6367	1	292.450012	292.649994
2020-02-05 16:03:46.184	0.00	-86.2936	-22.6366	1	292.440002	292.640015
2020-02-05 16:03:47.122	0.00	-86.3778	-22.6381	1	292.440002	292.640015
2020-02-05 16:03:48.049	0.00	-86.3628	-22.6355	1	292.450012	292.640015
2020-02-05 16:03:49.007	0.00	-86.4244	-22.6357	1	292.440002	292.649994
2020-02-05 16:03:49.928	0.00	-86.4351	-22.6330	1	292.440002	292.640015
2020-02-05 16:03:50.863	0.00	-86.5116	-22.6301	1	292.450012	292.649994
2020-02-05 16:03:51.812	0.00	-86.3697	-22.6296	1	292.450012	292.649994
2020-02-05 16:03:52.742	0.00	-86.3832	-22.6276	1	292.429993	292.640015
2020-02-05 16:03:53.666	0.00	-86.3363	-22.6265	1	292.440002	292.640015
2020-02-05 16:03:54.622	0.00	-86.3783	-22.6285	1	292.450012	292.649994
2020-02-05 16:03:55.558	0.00	-86.3732	-22.6299	1	292.440002	292.640015
2020-02-05 16:03:56.507	0.00	-86.2819	-22.6326	1	292.440002	292.640015
2020-02-05 16:03:57.423	0.00	-86.3267	-22.6356	1	292.450012	292.640015
2020-02-05 16:03:58.366	0.00	-86.3019	-22.6350	1	292.450012	292.649994
2020-02-05 16:03:59.351	0.00	-86.2748	-22.6335	1	292.440002	292.640015
2020-02-05 16:04:00.237	0.00	-86.3098	-22.6350	1	292.440002	292.649994
2020-02-05 16:04:01.212	0.00	-86.2230	-22.6374	1	292.440002	292.649994
2020-02-05 16:04:02.138	0.00	-86.3132	-22.6353	1	292.440002	292.649994
2020-02-05 16:04:03.072	0.00	-86.2748	-22.6383	1	292.440002	292.649994
2020-02-05 16:04:04.029	0.00	-86.2801	-22.6426	1	292.440002	292.640015
2020-02-05 16:04:04.926	0.00	-86.3617	-22.6414	1	292.429993	292.640015
2020-02-05 16:04:05.910	0.00	-86.2969	-22.6444	1	292.450012	292.649994
2020-02-05 16:04:06.840	0.00	-86.3785	-22.6431	1	292.429993	292.649994
2020-02-05 16:04:07.752	0.00	-86.3751	-22.6436	1	292.429993	292.649994
2020-02-05 16:04:08.731	0.00	-86.4007	-22.6428	1	292.429993	292.649994
2020-02-05 16:04:09.666	0.00	-86.3219	-22.6473	1	292.440002	292.640015
2020-02-05 16:04:10.638	0.00	-86.2683	-22.6461	1	292.440002	292.640015
2020-02-05 16:04:11.555	0.00	-86.3682	-22.6459	1	292.440002	292.640015
2020-02-05 16:04:12.510	0.00	-86.2725	-22.6423	1	292.440002	292.640015
2020-02-05 16:04:13.440	0.00	-86.2277	-22.6376	1	292.440002	292.649994
2020-02-05 16:04:14.378	0.00	-86.1551	-22.6386	1	292.440002	292.649994
2020-02-05 16:04:15.302	0.00	-86.1998	-22.6383	1	292.420013	292.640015
2020-02-05 16:04:16.249	0.00	-86.2246	-22.6407	1	292.440002	292.640015
2020-02-05 16:04:17.196	0.00	-86.1254	-22.6416	1	292.440002	292.640015
2020-02-05 16:04:18.142	0.00	-86.1613	-22.6383	1	292.429993	292.649994
2020-02-05 16:04:19.070	0.00	-86.1881	-22.6436	1	292.450012	292.649994
2020-02-05 16:04:20.002	0.00	-86.1947	-22.6439	1	292.440002	292.630005
2020-02-05 16:04:20.972	0.00	-86.3268	-22.6436	1	292.440002	292.649994
2020-02-05 16:04:21.911	0.00	-86.3547	-22.6401	1	292.429993	292.640015
2020-02-05 16:04:22.862	0.00	-86.4556	-22.6427	1	292.440002	292.640015
2020-02-05 16:04:23.807	0.00	-86.5623	-22.6401	1	292.429993	292.649994
2020-02-05 16:04:24.742	0.00	-86.4811	-22.6412	1	292.440002	292.640015
2020-02-05 16:04:25.681	0.00	-86.5859	-22.6416	1	292.440002	292.640015
2020-02-05 16:04:26.595	0.00	-86.4977	-22.6430	1	292.429993	292.640015
2020-02-05 16:04:27.520	0.00	-86.6241	-22.6442	1	292.440002	292.649994
2020-02-05 16:04:28.475	0.00	-86.6596	-22.6491	1	292.450012	292.640015
2020-02-05 16:04:29.404	0.00	-86.7472	-22.6466	1	292.440002	292.640015
2020-02-05 16:04:30.365	0.00	-86.7508	-22.6478	1	292.450012	292.640015
2020-02-05 16:04:31.283	0.00	-86.7719	-22.6457	1	292.429993	292.640015
2020-02-05 16:04:32.245	0.00	-86.8891	-22.6440	1	292.450012	292.649994
2020-02-05 16:04:33.157	0.00	-86.7925	-22.6458	1	292.440002	292.649994
2020-02-05 16:04:34.113	0.00	-86.8291	-22.6408	1	292.450012	292.649994
2020-02-05 16:04:35.075	0.00	-86.7476	-22.6426	1	292.450012	292.640015
2020-02-05 16:04:35.990	0.00	-86.7126	-22.6406	1	292.440002	292.660004
2020-02-05 16:04:36.936	0.00	-86.7471	-22.6392	1	292.450012	292.640015
2020-02-05 16:04:37.899	0.00	-86.7159	-22.6413	1	292.440002	292.649994
2020-02-05 16:04:38.824	0.00	-86.7419	-22.6408	1	292.440002	292.640015
2020-02-05 16:04:39.789	0.00	-86.8513	-22.6387	1	292.429993	292.649994
2020-02-05 16:04:40.732	0.00	-86.8988	-22.6430	1	292.450012	292.649994
2020-02-05 16:04:41.668	0.00	-87.0191	-22.6448	1	292.440002	292.640015
2020-02-05 16:04:42.603	0.00	-87.0502	-22.6451	1	292.440002	292.640015
2020-02-05 16:04:43.546	0.00	-86.9893	-22.6406	1	292.440002	292.640015
2020-02-05 16:04:44.494	0.00	-87.0124	-22.6430	1	292.450012	292.649994
2020-02-05 16:04:45.431	0.00	-86.9063	-22.6384	1	292.440002	292.649994
2020-02-05 16:04:46.386	0.00	-86.9895	-22.6354	1	292.440002	292.649994
2020-02-05 16:04:47.279	0.00	-86.9788	-22.6372	1	292.450012	292.640015
2020-02-05 16:04:48.264	0.00	-86.9270	-22.6370	1	292.450012	292.640015
2020-02-05 16:04:49.217	0.00	-86.9623	-22.6351	1	292.450012	292.640015
2020-02-05 16:04:50.154	0.00	-86.8902	-22.6375	1	292.440002	292.649994
2020-02-05 16:04:51.098	0.00	-86.9422	-22.6368	1	292.450012	292.640015
2020-02-05 16:04:52.040	0.00	-86.9221	-22.6376	1	292.450012	292.630005
2020-02-05 16:04:52.985	0.00	-86.9099	-22.6369	1	292.429993	292.640015
2020-02-05 16:04:53.913	0.00	-86.9355	-22.6342	1	292.450012	292.640015
2020-02-05 16:04:54.853	0.00	-86.8479	-22.6364	1	292.450012	292.640015
2020-02-05 16:04:55.799	0.00	-86.8769	-22.6364	1	292.450012	292.649994
2020-02-05 16:04:56.737	0.00	-86.8970	-22.6349	1	292.450012	292.649994
2020-02-05 16:04:57.683	0.00	-86.8477	-22.6375	1	292.450012	292.649994
2020-02-05 16:04:58.612	0.00	-86.8876	-22.6358	1	292.440002	292.649994
2020-02-05 16:04:59.551	0.00	-86.8288	-22.6350	1	292.450012	292.640015
2020-02-05 16:05:00.512	0.00	-86.8613	-22.6343	1	292.440002	292.640015
2020-02-05 16:05:01.425	0.00	-86.8576	-22.6361	1	292.450012	292.649994
2020-02-05 16:05:02.385	0.00	-86.9170	-22.6328	1	292.450012	292.649994
2020-02-05 16:05:03.334	0.00	-87.0242	-22.6346	1	292.450012	292.640015
2020-02-05 16:05:04.266	0.00	-86.9740	-22.6396	1	292.440002	292.640015
2020-02-05 16:05:05.225	0.00	-87.0563	-22.6352	1	292.450012	292.640015
2020-02-05 16:05:06.165	0.00	-87.0483	-22.6394	1	292.450012	292.649994
2020-02-05 16:05:07.128	0.00	-86.9804	-22.6394	1	292.450012	292.649994
2020-02-05 16:05:08.036	0.00	-87.0464	-22.6413	1	292.450012	292.640015
2020-02-05 16:05:08.963	0.00	-86.9948	-22.6438	1	292.450012	292.649994
2020-02-05 16:05:09.926	0.00	-87.0812	-22.6380	1	292.450012	292.649994
2020-02-05 16:05:10.855	0.00	-87.1388	-22.6384	1	292.450012	292.649994
2020-02-05 16:05:11.806	0.00	-87.1816	-22.6391	1	292.450012	292.649994
2020-02-05 16:05:12.748	0.00	-87.2502	-22.6396	1	292.450012	292.649994
2020-02-05 16:05:13.671	0.00	-87.1420	-22.6425	1	292.450012	292.640015
2020-02-05 16:05:14.635	0.00	-87.1361	-22.6428	1	292.459991	292.649994
2020-02-05 16:05:15.572	0.00	-87.0549	-22.6415	1	292.450012	292.640015
2020-02-05 16:05:16.500	0.00	-87.1038	-22.6421	1	292.470001	292.649994
2020-02-05 16:05:17.453	0.00	-87.1962	-22.6414	1	292.450012	292.640015
2020-02-05 16:05:18.378	0.00	-87.2021	-22.6422	1	292.450012	292.640015
2020-02-05 16:05:19.344	0.00	-87.2278	-22.6439	1	292.450012	292.640015
2020-02-05 16:05:20.283	0.00	-87.0892	-22.6404	1	292.459991	292.649994
2020-02-05 16:05:21.239	0.00	-86.9641	-22.6471	1	292.450012	292.649994
2020-02-05 16:05:22.140	0.00	-86.9497	-22.6464	1	292.459991	292.640015
2020-02-05 16:05:23.083	0.00	-86.8354	-22.6434	1	292.450012	292.649994
2020-02-05 16:05:24.038	0.00	-86.8434	-22.6446	1	292.450012	292.649994
2020-02-05 16:05:24.943	0.00	-86.7659	-22.6435	1	292.450012	292.640015
2020-02-05 16:05:25.912	0.00	-86.8097	-22.6414	1	292.459991	292.640015
2020-02-05 16:05:26.840	0.00	-86.7940	-22.6397	1	292.450012	292.649994
2020-02-05 16:05:27.760	0.00	-86.9469	-22.6442	1	292.470001	292.640015
2020-02-05 16:05:28.715	0.00	-86.9505	-22.6468	1	292.450012	292.640015
2020-02-05 16:05:29.654	0.00	-86.9253	-22.6473	1	292.450012	292.640015
2020-02-05 16:05:30.602	0.00	-86.9806	-22.6465	1	292.459991	292.630005
2020-02-05 16:05:31.549	0.00	-86.9142	-22.6453	1	292.459991	292.649994
2020-02-05 16:05:32.471	0.00	-86.9668	-22.6456	1	292.459991	292.640015
2020-02-05 16:05:33.406	0.00	-86.9239	-22.6444	1	292.470001	292.649994
2020-02-05 16:05:34.355	0.00	-86.8998	-22.6437	1	292.459991	292.660004
2020-02-05 16:05:35.272	0.00	-86.9702	-22.6403	1	292.459991	292.649994
2020-02-05 16:05:36.237	0.00	-86.8702	-22.6484	1	292.450012	292.640015
2020-02-05 16:05:37.165	0.00	-86.8967	-22.6563	1	292.450012	292.660004
2020-02-05 16:05:38.108	0.00	-86.7798	-22.6545	1	292.470001	292.660004
2020-02-05 16:05:39.089	0.00	-86.7300	-22.6485	1	292.470001	292.649994
2020-02-05 16:05:39.985	0.00	-86.7335	-22.6441	1	292.450012	292.640015
2020-02-05 16:05:40.936	0.00	-86.6806	-22.6485	1	292.450012	292.640015
2020-02-05 16:05:41.892	0.00	-86.7443	-22.6475	1	292.470001	292.660004
2020-02-05 16:05:42.833	0.00	-86.6908	-22.6483	1	292.470001	292.640015
2020-02-05 16:05:43.779	0.00	-86.6572	-22.6522	1	292.470001	292.640015
2020-02-05 16:05:44.688	0.00	-86.6173	-22.6507	1	292.470001	292.640015
2020-02-05 16:05:45.669	0.00	-86.5616	-22.6523	1	292.450012	292.640015
2020-02-05 16:05:46.598	0.00	-86.6713	-22.6475	1	292.450012	292.640015
2020-02-05 16:05:47.538	0.00	-86.6926	-22.6429	1	292.480011	292.660004
2020-02-05 16:05:48.476	0.00	-86.7737	-22.6386	1	292.470001	292.640015
2020-02-05 16:05:49.405	0.00	-86.8500	-22.6450	1	292.459991	292.640015
2020-02-05 16:05:50.379	0.00	-86.8159	-22.6457	1	292.470001	292.640015
2020-02-05 16:05:51.298	0.00	-86.8868	-22.6430	1	292.459991	292.649994
2020-02-05 16:05:52.219	0.00	-86.8373	-22.6456	1	292.470001	292.649994
2020-02-05 16:05:53.182	0.00	-86.9289	-22.6414	1	292.470001	292.640015
2020-02-05 16:05:54.120	0.00	-87.0508	-22.6426	1	292.480011	292.649994
2020-02-05 16:05:55.084	0.00	-86.9474	-22.6475	1	292.470001	292.660004
2020-02-05 16:05:55.993	0.00	-86.9795	-22.6460	1	292.480011	292.649994
2020-02-05 16:05:56.938	0.00	-86.8835	-22.6420	1	292.480011	292.660004
2020-02-05 16:05:57.909	0.00	-86.8609	-22.6415	1	292.480011	292.660004
2020-02-05 16:05:58.835	0.00	-86.9607	-22.6404	1	292.480011	292.649994
2020-02-05 16:05:59.809	0.00	-86.9769	-22.6437	1	292.480011	292.649994
2020-02-05 16:06:00.706	0.00	-87.0099	-22.6457	1	292.480011	292.640015
2020-02-05 16:06:01.646	0.00	-86.9518	-22.6530	1	292.470001	292.640015
2020-02-05 16:06:02.610	0.00	-87.0085	-22.6557	1	292.489990	292.649994
2020-02-05 16:06:03.555	0.00	-87.0327	-22.6578	1	292.489990	292.649994
2020-02-05 16:06:04.501	0.00	-87.0329	-22.6562	1	292.489990	292.640015
2020-02-05 16:06:05.439	0.00	-87.1573	-22.6514	1	292.480011	292.660004
2020-02-05 16:06:06.371	0.00	-87.0904	-22.6531	1	292.480011	292.640015
2020-02-05 16:06:07.317	0.00	-87.0415	-22.6555	1	292.489990	292.649994
2020-02-05 16:06:08.251	0.00	-87.0400	-22.6551	1	292.489990	292.649994
2020-02-05 16:06:09.212	0.00	-87.0193	-22.6546	1	292.480011	292.640015
2020-02-05 16:06:10.130	0.00	-87.1418	-22.6592	1	292.489990	292.640015
2020-02-05 16:06:11.075	0.00	-87.1077	-22.6643	1	292.470001	292.640015
2020-02-05 16:06:12.055	0.00	-87.1123	-22.6592	1	292.489990	292.660004
2020-02-05 16:06:12.988	0.00	-87.1428	-22.6617	1	292.480011	292.649994
2020-02-05 16:06:13.921	0.00	-87.0297	-22.6643	1	292.480011	292.640015
2020-02-05 16:06:14.852	0.00	-87.0268	-22.6634	1	292.470001	292.649994
2020-02-05 16:06:15.800	0.00	-87.0320	-22.6634	1	292.480011	292.649994
2020-02-05 16:06:16.744	0.00	-87.0200	-22.6627	1	292.489990	292.640015
2020-02-05 16:06:17.673	0.00	-87.0583	-22.6646	1	292.470001	292.649994
2020-02-05 16:06:18.590	0.00	-86.9899	-22.6685	1	292.480011	292.649994
2020-02-05 16:06:19.546	0.00	-87.0418	-22.6553	1	292.480011	292.660004
2020-02-05 16:06:20.498	0.00	-86.9811	-22.6505	1	292.489990	292.660004
2020-02-05 16:06:21.401	0.00	-87.0412	-22.6534	1	292.470001	292.660004
2020-02-05 16:06:22.336	0.00	-86.9982	-22.6562	1	292.480011	292.649994
2020-02-05 16:06:23.285	0.00	-87.0608	-22.6571	1	292.480011	292.660004
2020-02-05 16:06:24.232	0.00	-86.9230	-22.6608	1	292.489990	292.649994
2020-02-05 16:06:25.142	0.00	-86.8730	-22.6616	1	292.489990	292.649994
2020-02-05 16:06:26.110	0.00	-86.8432	-22.6568	1	292.480011	292.649994
2020-02-05 16:06:27.040	0.00	-86.8207	-22.6505	1	292.489990	292.649994
2020-02-05 16:06:28.002	0.00	-86.8718	-22.6496	1	292.470001	292.660004
2020-02-05 16:06:28.953	0.00	-86.8601	-22.6558	1	292.480011	292.660004
2020-02-05 16:06:29.847	0.00	-86.8163	-22.6580	1	292.480011	292.640015
2020-02-05 16:06:30.810	0.00	-86.8363	-22.6614	1	292.480011	292.660004
2020-02-05 16:06:31.755	0.00	-86.7367	-22.6617	1	292.480011	292.660004
2020-02-05 16:06:32.688	0.00	-86.7491	-22.6650	1	292.489990	292.640015
2020-02-05 16:06:33.660	0.00	-86.7290	-22.6697	1	292.489990	292.649994
2020-02-05 16:06:34.578	0.00	-86.7364	-22.6723	1	292.489990	292.630005
2020-02-05 16:06:35.542	0.00	-86.8759	-22.6701	1	292.489990	292.660004
2020-02-05 16:06:36.464	0.00	-86.8718	-22.6646	1	292.489990	292.630005
2020-02-05 16:06:37.371	0.00	-87.0102	-22.6635	1	292.480011	292.660004
2020-02-05 16:06:38.350	0.00	-86.9952	-22.6677	1	292.489990	292.649994
2020-02-05 16:06:39.274	0.00	-86.9155	-22.6655	1	292.489990	292.640015
2020-02-05 16:06:40.249	0.00	-86.9952	-22.6603	1	292.489990	292.660004
2020-02-05 16:06:41.169	0.00	-86.9026	-22.6642	1	292.489990	292.649994
2020-02-05 16:06:42.118	0.00	-86.8778	-22.6563	1	292.489990	292.660004
2020-02-05 16:06:43.064	0.00	-86.8075	-22.6630	1	292.470001	292.660004
2020-02-05 16:06:44.005	0.00	-86.7758	-22.6651	1	292.480011	292.649994
2020-02-05 16:06:44.956	0.00	-86.7108	-22.6663	1	292.489990	292.640015
2020-02-05 16:06:45.879	0.00	-86.7104	-22.6582	1	292.480011	292.640015
2020-02-05 16:06:46.820	0.00	-86.7249	-22.6659	1	292.489990	292.660004
2020-02-05 16:06:47.777	0.00	-86.6911	-22.6670	1	292.480011	292.649994
2020-02-05 16:06:48.717	0.00	-86.5992	-22.6659	1	292.470001	292.660004
2020-02-05 16:06:49.671	0.00	-86.6274	-22.6675	1	292.480011	292.670013
2020-02-05 16:06:50.606	0.00	-86.4975	-22.6647	1	292.470001	292.660004
2020-02-05 16:06:51.536	0.00	-86.5051	-22.6622	1	292.489990	292.649994
2020-02-05 16:06:52.479	0.00	-86.5561	-22.6571	1	292.489990	292.660004
2020-02-05 16:06:53.419	0.00	-86.4940	-22.6636	1	292.470001	292.649994
2020-02-05 16:06:54.393	0.00	-86.5821	-22.6683	1	292.480011	292.649994
2020-02-05 16:06:55.270	0.00	-86.6489	-22.6640	1	292.480011	292.649994
2020-02-05 16:06:56.240	0.00	-86.6980	-22.6676	1	292.480011	292.649994
2020-02-05 16:06:57.192	0.00	-86.7006	-22.6663	1	292.489990	292.660004
2020-02-05 16:06:58.121	0.00	-86.7397	-22.6642	1	292.480011	292.660004
2020-02-05 16:06:59.079	0.00	-86.7821	-22.6666	1	292.470001	292.649994
2020-02-05 16:06:59.983	0.00	-86.8407	-22.6678	1	292.480011	292.649994
2020-02-05 16:07:00.940	0.00	-86.9239	-22.6670	1	292.489990	292.670013
2020-02-05 16:07:01.883	0.00	-86.8961	-22.6726	1	292.470001	292.649994
2020-02-05 16:07:02.807	0.00	-87.0211	-22.6681	1	292.489990	292.649994
2020-02-05 16:07:03.748	0.00	-87.0448	-22.6702	1	292.480011	292.679993
2020-02-05 16:07:04.677	0.00	-87.0404	-22.6727	1	292.480011	292.660004
2020-02-05 16:07:05.646	0.00	-87.1061	-22.6751	1	292.480011	292.660004
2020-02-05 16:07:06.576	0.00	-87.0577	-22.6700	1	292.500000	292.660004
2020-02-05 16:07:07.526	0.00	-87.0663	-22.6715	1	292.489990	292.649994
2020-02-05 16:07:08.473	0.00	-87.0195	-22.6741	1	292.480011	292.670013
2020-02-05 16:07:09.404	0.00	-86.8848	-22.6722	1	292.489990	292.660004
2020-02-05 16:07:10.343	0.00	-86.8871	-22.6719	1	292.480011	292.660004
2020-02-05 16:07:11.277	0.00	-86.8016	-22.6664	1	292.480011	292.660004
2020-02-05 16:07:12.217	0.00	-86.8122	-22.6722	1	292.470001	292.649994
2020-02-05 16:07:13.151	0.00	-86.5968	-22.6734	1	292.480011	292.660004
2020-02-05 16:07:14.096	0.00	-86.6295	-22.6731	1	292.489990	292.660004
2020-02-05 16:07:15.017	0.00	-86.7368	-22.6720	1	292.470001	292.660004
2020-02-05 16:07:15.953	0.00	-86.8114	-22.6702	1	292.489990	292.660004
2020-02-05 16:07:16.922	0.00	-86.8593	-22.6712	1	292.480011	292.660004
2020-02-05 16:07:17.842	0.00	-86.7651	-22.6717	1	292.480011	292.660004
2020-02-05 16:07:18.824	0.00	-86.7590	-22.6680	1	292.470001	292.660004
2020-02-05 16:07:19.728	0.00	-86.7589	-22.6679	1	292.470001	292.649994
2020-02-05 16:07:20.662	0.00	-86.7128	-22.6727	1	292.470001	292.660004
2020-02-05 16:07:21.591	0.00	-86.7701	-22.6720	1	292.470001	292.649994
2020-02-05 16:07:22.562	0.00	-86.6807	-22.6741	1	292.480011	292.670013
2020-02-05 16:07:23.479	0.00	-86.6746	-22.6745	1	292.489990	292.649994
2020-02-05 16:07:24.427	0.00	-86.5707	-22.6695	1	292.489990	292.660004
2020-02-05 16:07:25.369	0.00	-86.4522	-22.6712	1	292.480011	292.660004
2020-02-05 16:07:26.333	0.00	-86.4333	-22.6743	1	292.470001	292.649994
2020-02-05 16:07:27.257	0.00	-86.3178	-22.6727	1	292.480011	292.660004
2020-02-05 16:07:28.203	0.00	-86.4080	-22.6717	1	292.489990	292.660004
2020-02-05 16:07:29.133	0.00	-86.3918	-22.6772	1	292.480011	292.660004
2020-02-05 16:07:30.076	0.00	-86.4877	-22.6756	1	292.480011	292.660004
2020-02-05 16:07:31.015	0.00	-86.5735	-22.6747	1	292.489990	292.649994
2020-02-05 16:07:31.953	0.00	-86.5935	-22.6719	1	292.480011	292.660004
2020-02-05 16:07:32.876	0.00	-86.6616	-22.6759	1	292.489990	292.660004
2020-02-05 16:07:33.845	0.00	-86.6180	-22.6772	1	292.470001	292.660004
2020-02-05 16:07:34.742	0.00	-86.6825	-22.6730	1	292.480011	292.649994
2020-02-05 16:07:35.713	0.00	-86.6005	-22.6735	1	292.489990	292.660004
2020-02-05 16:07:36.655	0.00	-86.5688	-22.6778	1	292.470001	292.660004
2020-02-05 16:07:37.587	0.00	-86.5433	-22.6802	1	292.489990	292.670013
2020-02-05 16:07:38.543	0.00	-86.4657	-22.6814	1	292.480011	292.660004
2020-02-05 16:07:39.459	0.00	-86.4721	-22.6823	1	292.480011	292.660004
2020-02-05 16:07:40.401	0.00	-86.3661	-22.6853	1	292.489990	292.670013
2020-02-05 16:07:41.343	0.00	-86.4075	-22.6819	1	292.480011	292.660004
2020-02-05 16:07:42.283	0.00	-86.4420	-22.6832	1	292.470001	292.660004
2020-02-05 16:07:43.223	0.00	-86.5125	-22.6831	1	292.480011	292.660004
2020-02-05 16:07:44.173	0.00	-86.5598	-22.6807	1	292.480011	292.670013
2020-02-05 16:07:45.111	0.00	-86.5498	-22.6811	1	292.489990	292.660004
2020-02-05 16:07:46.047	0.00	-86.5770	-22.6799	1	292.480011	292.660004
2020-02-05 16:07:47.000	0.00	-86.5366	-22.6817	1	292.470001	292.660004
2020-02-05 16:07:47.965	0.00	-86.5542	-22.6804	1	292.480011	292.660004
2020-02-05 16:07:48.863	0.00	-86.6494	-22.6822	1	292.480011	292.660004
2020-02-05 16:07:49.806	0.00	-86.5803	-22.6839	1	292.470001	292.660004
2020-02-05 16:07:50.758	0.00	-86.6753	-22.6803	1	292.480011	292.660004
2020-02-05 16:07:51.660	0.00	-86.6091	-22.6808	1	292.470001	292.660004
2020-02-05 16:07:52.651	0.00	-86.6339	-22.6858	1	292.470001	292.660004
2020-02-05 16:07:53.579	0.00	-86.6325	-22.6841	1	292.470001	292.670013
2020-02-05 16:07:54.510	0.00	-86.6014	-22.6835	1	292.450012	292.670013
2020-02-05 16:07:55.462	0.00	-86.6455	-22.6874	1	292.470001	292.660004
2020-02-05 16:07:56.409	0.00	-86.5620	-22.6820	1	292.470001	292.679993
2020-02-05 16:07:57.339	0.00	-86.5924	-22.6789	1	292.470001	292.670013
2020-02-05 16:07:58.275	0.00	-86.6624	-22.6820	1	292.480011	292.679993
2020-02-05 16:07:59.214	0.00	-86.6601	-22.6815	1	292.470001	292.660004
2020-02-05 16:08:00.174	0.00	-86.7353	-22.6806	1	292.470001	292.649994
2020-02-05 16:08:01.077	0.00	-86.7288	-22.6772	1	292.470001	292.660004
2020-02-05 16:08:02.048	0.00	-86.8277	-22.6743	1	292.459991	292.649994
2020-02-05 16:08:03.000	0.00	-86.9388	-22.6807	1	292.470001	292.660004
2020-02-05 16:08:03.934	0.00	-86.9041	-22.6823	1	292.470001	292.660004
2020-02-05 16:08:04.882	0.00	-87.0175	-22.6814	1	292.459991	292.679993
2020-02-05 16:08:05.814	0.00	-86.9071	-22.6794	1	292.470001	292.670013
2020-02-05 16:08:06.794	0.00	-86.9405	-22.6842	1	292.450012	292.670013
2020-02-05 16:08:07.700	0.00	-86.9562	-22.6835	1	292.459991	292.670013
2020-02-05 16:08:08.642	0.00	-86.9019	-22.6859	1	292.470001	292.660004
2020-02-05 16:08:09.588	0.00	-87.0098	-22.6879	1	292.459991	292.670013
2020-02-05 16:08:10.499	0.00	-86.9833	-22.6905	1	292.450012	292.670013
2020-02-05 16:08:11.483	0.00	-87.0196	-22.6851	1	292.450012	292.670013
2020-02-05 16:08:12.411	0.00	-87.0075	-22.6849	1	292.459991	292.670013
2020-02-05 16:08:13.332	0.00	-86.9825	-22.6829	1	292.450012	292.679993
2020-02-05 16:08:14.290	0.00	-87.0782	-22.6858	1	292.440002	292.660004
2020-02-05 16:08:15.211	0.00	-87.0130	-22.6844	1	292.450012	292.670013
2020-02-05 16:08:16.185	0.00	-86.9771	-22.6865	1	292.450012	292.670013
2020-02-05 16:08:17.096	0.00	-86.9610	-22.6874	1	292.450012	292.660004
2020-02-05 16:08:18.053	0.00	-86.8922	-22.6882	1	292.450012	292.679993
2020-02-05 16:08:18.998	0.00	-86.8993	-22.6863	1	292.450012	292.670013
2020-02-05 16:08:19.925	0.00	-86.8835	-22.6856	1	292.450012	292.660004
2020-02-05 16:08:20.915	0.00	-86.9839	-22.6881	1	292.440002	292.660004
2020-02-05 16:08:21.822	0.00	-87.0009	-22.6844	1	292.440002	292.660004
2020-02-05 16:08:22.766	0.00	-86.9411	-22.6836	1	292.440002	292.660004
2020-02-05 16:08:23.693	0.00	-87.0451	-22.6834	1	292.450012	292.660004
2020-02-05 16:08:24.650	0.00	-86.9030	-22.6881	1	292.450012	292.679993
2020-02-05 16:08:25.585	0.00	-86.8938	-22.6864	1	292.459991	292.670013
2020-02-05 16:08:26.496	0.00	-86.8353	-22.6883	1	292.450012	292.670013
2020-02-05 16:08:27.467	0.00	-86.8927	-22.6850	1	292.450012	292.670013
2020-02-05 16:08:28.385	0.00	-86.9823	-22.6854	1	292.450012	292.660004
2020-02-05 16:08:29.346	0.00	-86.9441	-22.6854	1	292.450012	292.670013
2020-02-05 16:08:30.279	0.00	-87.0731	-22.6861	1	292.440002	292.660004
2020-02-05 16:08:31.204	0.00	-87.0443	-22.6859	1	292.450012	292.670013
2020-02-05 16:08:32.182	0.00	-87.0296	-22.6841	1	292.450012	292.670013
2020-02-05 16:08:33.124	0.00	-87.0487	-22.6838	1	292.459991	292.660004
2020-02-05 16:08:34.040	0.00	-87.0216	-22.6823	1	292.450012	292.660004
2020-02-05 16:08:34.998	0.00	-87.1080	-22.6844	1	292.450012	292.670013
2020-02-05 16:08:35.940	0.00	-87.0679	-22.6843	1	292.450012	292.670013
2020-02-05 16:08:36.886	0.00	-87.0411	-22.6846	1	292.459991	292.670013
2020-02-05 16:08:37.831	0.00	-87.1092	-22.6856	1	292.450012	292.660004
2020-02-05 16:08:38.771	0.00	-87.0009	-22.6843	1	292.450012	292.670013
2020-02-05 16:08:39.705	0.00	-87.0788	-22.6851	1	292.459991	292.670013
2020-02-05 16:08:40.674	0.00	-86.9839	-22.6844	1	292.459991	292.679993
2020-02-05 16:08:41.591	0.00	-86.9133	-22.6847	1	292.450012	292.670013
2020-02-05 16:08:42.516	0.00	-86.9751	-22.6888	1	292.450012	292.670013
2020-02-05 16:08:43.469	0.00	-86.8969	-22.6852	1	292.440002	292.660004
2020-02-05 16:08:44.431	0.00	-87.0121	-22.6782	1	292.450012	292.660004
2020-02-05 16:08:45.361	0.00	-87.0224	-22.6821	1	292.450012	292.660004
2020-02-05 16:08:46.292	0.00	-86.9957	-22.6807	1	292.440002	292.660004
2020-02-05 16:08:47.244	0.00	-86.9802	-22.6853	1	292.450012	292.670013
2020-02-05 16:08:48.185	0.00	-86.8687	-22.6845	1	292.450012	292.679993
2020-02-05 16:08:49.140	0.00	-86.9377	-22.6821	1	292.440002	292.679993
2020-02-05 16:08:50.080	0.00	-86.8905	-22.6820	1	292.440002	292.670013
2020-02-05 16:08:51.029	0.00	-86.8980	-22.6872	1	292.440002	292.679993
2020-02-05 16:08:51.968	0.00	-86.9828	-22.6829	1	292.440002	292.670013
2020-02-05 16:08:52.906	0.00	-86.8898	-22.6841	1	292.450012	292.660004
2020-02-05 16:08:53.854	0.00	-86.9549	-22.6906	1	292.450012	292.679993
2020-02-05 16:08:54.786	0.00	-86.8998	-22.6935	1	292.440002	292.679993
2020-02-05 16:08:55.735	0.00	-86.8337	-22.6933	1	292.440002	292.660004
2020-02-05 16:08:56.671	0.00	-86.8595	-22.6950	1	292.440002	292.670013
2020-02-05 16:08:57.593	0.00	-86.8417	-22.6879	1	292.450012	292.660004
2020-02-05 16:08:58.558	0.00	-86.9054	-22.6905	1	292.429993	292.679993
2020-02-05 16:08:59.503	0.00	-86.8426	-22.6903	1	292.450012	292.670013
2020-02-05 16:09:00.449	0.00	-86.7665	-22.6912	1	292.440002	292.670013
2020-02-05 16:09:01.394	0.00	-86.8442	-22.6838	1	292.450012	292.670013
2020-02-05 16:09:02.309	0.00	-86.8118	-22.6864	1	292.440002	292.670013
2020-02-05 16:09:03.263	0.00	-86.9043	-22.6831	1	292.450012	292.660004
2020-02-05 16:09:04.189	0.00	-86.9512	-22.6788	1	292.440002	292.670013
2020-02-05 16:09:05.168	0.00	-86.8543	-22.6850	1	292.450012	292.679993
2020-02-05 16:09:06.089	0.00	-86.8871	-22.6791	1	292.440002	292.679993
2020-02-05 16:09:07.004	0.00	-86.8449	-22.6758	1	292.440002	292.660004
2020-02-05 16:09:07.972	0.00	-86.9507	-22.6718	1	292.450012	292.679993
2020-02-05 16:09:08.906	0.00	-86.9747	-22.6695	1	292.429993	292.670013
2020-02-05 16:09:09.851	0.00	-86.9773	-22.6710	1	292.440002	292.670013
2020-02-05 16:09:10.767	0.00	-86.9952	-22.6719	1	292.440002	292.670013
2020-02-05 16:09:11.728	0.00	-87.0373	-22.6739	1	292.440002	292.679993
2020-02-05 16:09:12.658	0.00	-87.0524	-22.6770	1	292.450012	292.670013
2020-02-05 16:09:13.599	0.00	-86.9400	-22.6788	1	292.429993	292.660004
2020-02-05 16:09:14.539	0.00	-87.0092	-22.6795	1	292.440002	292.679993
2020-02-05 16:09:15.487	0.00	-86.8886	-22.6768	1	292.440002	292.679993
2020-02-05 16:09:16.404	0.00	-86.8631	-22.6803	1	292.440002	292.679993
2020-02-05 16:09:17.357	0.00	-86.9088	-22.6779	1	292.429993	292.670013
2020-02-05 16:09:18.290	0.00	-86.8872	-22.6775	1	292.420013	292.670013
2020-02-05 16:09:19.235	0.00	-86.9291	-22.6757	1	292.429993	292.670013
2020-02-05 16:09:20.156	0.00	-86.8396	-22.6730	1	292.440002	292.679993
2020-02-05 16:09:21.093	0.00	-86.9360	-22.6785	1	292.450012	292.670013
2020-02-05 16:09:22.035	0.00	-86.9429	-22.6810	1	292.429993	292.679993
2020-02-05 16:09:22.998	0.00	-86.9270	-22.6723	1	292.429993	292.679993
2020-02-05 16:09:23.897	0.00	-87.0246	-22.6735	1	292.440002	292.670013
2020-02-05 16:09:24.872	0.00	-87.0028	-22.6769	1	292.440002	292.660004
2020-02-05 16:09:25.822	0.00	-87.1128	-22.6671	1	292.440002	292.679993
2020-02-05 16:09:26.751	0.00	-86.9934	-22.6684	1	292.440002	292.660004
2020-02-05 16:09:27.685	0.00	-87.0430	-22.6752	1	292.440002	292.679993
2020-02-05 16:09:28.621	0.00	-87.0992	-22.6789	1	292.450012	292.670013
2020-02-05 16:09:29.578	0.00	-87.1263	-22.6806	1	292.440002	292.670013
2020-02-05 16:09:30.494	0.00	-87.0851	-22.6756	1	292.440002	292.660004
2020-02-05 16:09:31.415	0.00	-86.9769	-22.6740	1	292.440002	292.679993
2020-02-05 16:09:32.370	0.00	-87.0202	-22.6773	1	292.450012	292.660004
2020-02-05 16:09:33.313	0.00	-86.9232	-22.6732	1	292.450012	292.690002
2020-02-05 16:09:34.231	0.00	-87.0723	-22.6648	1	292.440002	292.679993
2020-02-05 16:09:35.177	0.00	-87.0869	-22.6718	1	292.440002	292.670013
2020-02-05 16:09:36.118	0.00	-87.0343	-22.6691	1	292.440002	292.670013
2020-02-05 16:09:37.071	0.00	-87.1011	-22.6609	1	292.440002	292.679993
2020-02-05 16:09:38.013	0.00	-87.0798	-22.6720	1	292.440002	292.670013
2020-02-05 16:09:38.963	0.00	-87.0925	-22.6624	1	292.440002	292.690002
2020-02-05 16:09:39.913	0.00	-87.0228	-22.6678	1	292.440002	292.679993
2020-02-05 16:09:40.816	0.00	-86.8916	-22.6697	1	292.440002	292.679993
2020-02-05 16:09:41.767	0.00	-86.8982	-22.6660	1	292.440002	292.670013
2020-02-05 16:09:42.731	0.00	-86.8629	-22.6735	1	292.450012	292.670013
2020-02-05 16:09:43.670	0.00	-87.0143	-22.6696	1	292.429993	292.660004
2020-02-05 16:09:44.607	0.00	-87.0262	-22.6756	1	292.450012	292.670013
2020-02-05 16:09:45.560	0.00	-87.0196	-22.6714	1	292.440002	292.670013
2020-02-05 16:09:46.504	0.00	-87.0986	-22.6733	1	292.450012	292.679993
2020-02-05 16:09:47.454	0.00	-87.0523	-22.6651	1	292.450012	292.690002
2020-02-05 16:09:48.388	0.00	-86.9851	-22.6727	1	292.440002	292.660004
2020-02-05 16:09:49.330	0.00	-87.0064	-22.6666	1	292.440002	292.679993
2020-02-05 16:09:50.265	0.00	-86.9606	-22.6680	1	292.450012	292.679993
2020-02-05 16:09:51.227	0.00	-87.0931	-22.6670	1	292.440002	292.670013
2020-02-05 16:09:52.155	0.00	-87.0522	-22.6628	1	292.440002	292.660004
2020-02-05 16:09:53.070	0.00	-87.0473	-22.6519	1	292.450012	292.670013
2020-02-05 16:09:54.037	0.00	-87.1147	-22.6476	1	292.440002	292.670013
2020-02-05 16:09:54.973	0.00	-87.0276	-22.6529	1	292.440002	292.679993
2020-02-05 16:09:55.921	0.00	-87.0817	-22.6526	1	292.429993	292.679993
2020-02-05 16:09:56.830	0.00	-87.0640	-22.6449	1	292.450012	292.679993
2020-02-05 16:09:57.793	0.00	-87.1442	-22.6498	1	292.459991	292.679993
2020-02-05 16:09:58.760	0.00	-87.1584	-22.6486	1	292.450012	292.670013
2020-02-05 16:09:59.669	0.00	-87.1143	-22.6453	1	292.450012	292.679993
2020-02-05 16:10:00.620	0.00	-87.2243	-22.6532	1	292.450012	292.679993
2020-02-05 16:10:01.571	0.00	-87.1906	-22.6587	1	292.450012	292.679993
2020-02-05 16:10:02.509	0.00	-87.2575	-22.6441	1	292.440002	292.670013
2020-02-05 16:10:03.461	0.00	-87.2327	-22.6506	1	292.450012	292.670013
2020-02-05 16:10:04.388	0.00	-87.1918	-22.6524	1	292.459991	292.679993
2020-02-05 16:10:05.322	0.00	-87.2350	-22.6559	1	292.450012	292.679993
2020-02-05 16:10:06.257	0.00	-87.1131	-22.6511	1	292.450012	292.679993
2020-02-05 16:10:07.214	0.00	-87.1030	-22.6447	1	292.450012	292.690002
2020-02-05 16:10:08.085	0.00	-87.0760	-22.6530	1	292.440002	292.679993
2020-02-05 16:10:09.078	0.00	-87.0823	-22.6476	1	292.450012	292.690002
2020-02-05 16:10:10.004	0.00	-87.0605	-22.6544	1	292.450012	292.670013
2020-02-05 16:10:10.973	0.00	-86.9891	-22.6591	1	292.470001	292.679993
2020-02-05 16:10:11.898	0.00	-87.0917	-22.6507	1	292.450012	292.670013
2020-02-05 16:10:12.845	0.00	-87.0544	-22.6558	1	292.450012	292.670013
2020-02-05 16:10:13.772	0.00	-87.1778	-22.6457	1	292.450012	292.660004
2020-02-05 16:10:14.713	0.00	-87.2545	-22.6497	1	292.459991	292.679993
2020-02-05 16:10:15.673	0.00	-87.3227	-22.6475	1	292.450012	292.670013
2020-02-05 16:10:16.613	0.00	-87.3818	-22.6459	1	292.450012	292.679993
2020-02-05 16:10:17.546	0.00	-87.2574	-22.6449	1	292.470001	292.679993
2020-02-05 16:10:18.488	0.00	-87.2485	-22.6492	1	292.459991	292.670013
2020-02-05 16:10:19.435	0.00	-87.1671	-22.6439	1	292.470001	292.679993
2020-02-05 16:10:20.386	0.00	-87.1122	-22.6383	1	292.459991	292.670013
2020-02-05 16:10:21.322	0.00	-87.1604	-22.6453	1	292.470001	292.690002
2020-02-05 16:10:22.263	0.00	-87.0915	-22.6469	1	292.470001	292.670013
2020-02-05 16:10:23.205	0.00	-87.1819	-22.6396	1	292.470001	292.679993
2020-02-05 16:10:24.132	0.00	-87.1713	-22.6403	1	292.459991	292.690002
2020-02-05 16:10:25.089	0.00	-87.1239	-22.6403	1	292.489990	292.670013
2020-02-05 16:10:26.031	0.00	-87.1524	-22.6410	1	292.459991	292.670013
2020-02-05 16:10:26.980	0.00	-87.1074	-22.6418	1	292.480011	292.690002
2020-02-05 16:10:27.911	0.00	-87.1662	-22.6375	1	292.470001	292.690002
2020-02-05 16:10:28.838	0.00	-87.0942	-22.6366	1	292.480011	292.679993
2020-02-05 16:10:29.791	0.00	-86.9984	-22.6423	1	292.470001	292.679993
2020-02-05 16:10:30.718	0.00	-86.9956	-22.6455	1	292.470001	292.670013
2020-02-05 16:10:31.688	0.00	-86.9543	-22.6469	1	292.470001	292.679993
2020-02-05 16:10:32.640	0.00	-87.0636	-22.6462	1	292.489990	292.679993
2020-02-05 16:10:33.547	0.00	-87.0990	-22.6402	1	292.470001	292.670013
2020-02-05 16:10:34.506	0.00	-87.1517	-22.6392	1	292.470001	292.670013
2020-02-05 16:10:35.416	0.00	-87.2078	-22.6447	1	292.470001	292.690002
2020-02-05 16:10:36.391	0.00	-87.1635	-22.6503	1	292.470001	292.690002
2020-02-05 16:10:37.317	0.00	-87.2427	-22.6496	1	292.459991	292.679993
2020-02-05 16:10:38.252	0.00	-87.1592	-22.6522	1	292.470001	292.690002
2020-02-05 16:10:39.207	0.00	-87.2267	-22.6440	1	292.470001	292.679993
2020-02-05 16:10:40.132	0.00	-87.2752	-22.6468	1	292.470001	292.670013
2020-02-05 16:10:41.102	0.00	-87.2182	-22.6433	1	292.470001	292.670013
2020-02-05 16:10:42.023	0.00	-87.1616	-22.6424	1	292.480011	292.690002
2020-02-05 16:10:42.959	0.00	-87.0466	-22.6407	1	292.489990	292.670013
2020-02-05 16:10:43.923	0.00	-87.0808	-22.6392	1	292.480011	292.679993
2020-02-05 16:10:44.851	0.00	-87.1382	-22.6403	1	292.480011	292.679993
2020-02-05 16:10:45.815	0.00	-87.0720	-22.6361	1	292.480011	292.690002
2020-02-05 16:10:46.734	0.00	-87.1541	-22.6435	1	292.480011	292.679993
2020-02-05 16:10:47.691	0.00	-87.0816	-22.6494	1	292.480011	292.679993
2020-02-05 16:10:48.612	0.00	-87.0246	-22.6514	1	292.489990	292.679993
2020-02-05 16:10:49.562	0.00	-87.0582	-22.6469	1	292.470001	292.679993
2020-02-05 16:10:50.514	0.00	-86.9210	-22.6369	1	292.480011	292.679993
2020-02-05 16:10:51.468	0.00	-86.9470	-22.6377	1	292.470001	292.679993
2020-02-05 16:10:52.377	0.00	-86.9015	-22.6367	1	292.470001	292.690002
2020-02-05 16:10:53.346	0.00	-86.7641	-22.6373	1	292.470001	292.690002
2020-02-05 16:10:54.288	0.00	-86.8700	-22.6362	1	292.489990	292.670013
2020-02-05 16:10:55.251	0.00	-86.7956	-22.6370	1	292.480011	292.679993
2020-02-05 16:10:56.184	0.00	-86.8289	-22.6349	1	292.489990	292.679993
2020-02-05 16:10:57.124	0.00	-86.7867	-22.6374	1	292.489990	292.690002
2020-02-05 16:10:58.045	0.00	-86.7802	-22.6375	1	292.489990	292.670013
2020-02-05 16:10:58.982	0.00	-86.8900	-22.6377	1	292.489990	292.679993
2020-02-05 16:10:59.944	0.00	-86.8420	-22.6382	1	292.480011	292.679993
2020-02-05 16:11:00.872	0.00	-86.8737	-22.6411	1	292.500000	292.679993
2020-02-05 16:11:01.833	0.00	-86.7987	-22.6382	1	292.489990	292.679993
2020-02-05 16:11:02.756	0.00	-86.7515	-22.6366	1	292.480011	292.679993
2020-02-05 16:11:03.704	0.00	-86.8399	-22.6371	1	292.489990	292.690002
2020-02-05 16:11:04.641	0.00	-86.7217	-22.6367	1	292.489990	292.679993
2020-02-05 16:11:05.581	0.00	-86.7755	-22.6366	1	292.489990	292.690002
2020-02-05 16:11:06.541	0.00	-86.7460	-22.6342	1	292.489990	292.670013
2020-02-05 16:11:07.460	0.00	-86.7605	-22.6330	1	292.489990	292.679993
2020-02-05 16:11:08.394	0.00	-86.8288	-22.6358	1	292.489990	292.679993
2020-02-05 16:11:09.348	0.00	-86.7832	-22.6376	1	292.480011	292.679993
2020-02-05 16:11:10.299	0.00	-86.8341	-22.6319	1	292.489990	292.690002
2020-02-05 16:11:11.237	0.00	-86.8725	-22.6317	1	292.489990	292.690002
2020-02-05 16:11:12.169	0.00	-86.9199	-22.6269	1	292.489990	292.690002
2020-02-05 16:11:13.086	0.00	-86.9879	-22.6276	1	292.480011	292.679993
2020-02-05 16:11:14.053	0.00	-87.0207	-22.6297	1	292.480011	292.690002
2020-02-05 16:11:14.999	0.00	-87.1439	-22.6309	1	292.480011	292.690002
2020-02-05 16:11:15.961	0.00	-87.1028	-22.6277	1	292.480011	292.679993
2020-02-05 16:11:16.881	0.00	-87.0174	-22.6304	1	292.480011	292.700012
2020-02-05 16:11:17.827	0.00	-86.9504	-22.6254	1	292.480011	292.679993
2020-02-05 16:11:18.766	0.00	-86.8661	-22.6248	1	292.480011	292.690002
2020-02-05 16:11:19.707	0.00	-86.9273	-22.6220	1	292.489990	292.690002
2020-02-05 16:11:20.666	0.00	-86.7999	-22.6217	1	292.489990	292.679993
2020-02-05 16:11:21.590	0.00	-86.7662	-22.6273	1	292.480011	292.679993
2020-02-05 16:11:22.542	0.00	-86.7583	-22.6259	1	292.480011	292.679993
2020-02-05 16:11:23.484	0.00	-86.7458	-22.6242	1	292.489990	292.679993
2020-02-05 16:11:24.413	0.00	-86.7807	-22.6204	1	292.470001	292.679993
2020-02-05 16:11:25.348	0.00	-86.7565	-22.6225	1	292.480011	292.679993
2020-02-05 16:11:26.280	0.00	-86.7514	-22.6221	1	292.489990	292.690002
2020-02-05 16:11:27.218	0.00	-86.6930	-22.6276	1	292.480011	292.679993
2020-02-05 16:11:28.182	0.00	-86.6278	-22.6266	1	292.470001	292.690002
2020-02-05 16:11:29.098	0.00	-86.7072	-22.6270	1	292.489990	292.679993
2020-02-05 16:11:30.073	0.00	-86.5804	-22.6285	1	292.489990	292.690002
2020-02-05 16:11:30.994	0.00	-86.6030	-22.6285	1	292.480011	292.679993
2020-02-05 16:11:31.940	0.00	-86.7137	-22.6263	1	292.470001	292.690002
2020-02-05 16:11:32.896	0.00	-86.6917	-22.6303	1	292.480011	292.690002
2020-02-05 16:11:33.788	0.00	-86.7579	-22.6259	1	292.480011	292.700012
2020-02-05 16:11:34.776	0.00	-86.6574	-22.6258	1	292.470001	292.690002
2020-02-05 16:11:35.709	0.00	-86.7038	-22.6270	1	292.470001	292.690002
2020-02-05 16:11:36.652	0.00	-86.7407	-22.6255	1	292.480011	292.690002
2020-02-05 16:11:37.597	0.00	-86.8011	-22.6258	1	292.480011	292.679993
2020-02-05 16:11:38.540	0.00	-86.9025	-22.6233	1	292.470001	292.690002
2020-02-05 16:11:39.494	0.00	-86.8302	-22.6261	1	292.470001	292.679993
2020-02-05 16:11:40.408	0.00	-86.9323	-22.6220	1	292.470001	292.679993
2020-02-05 16:11:41.346	0.00	-86.9161	-22.6226	1	292.470001	292.690002
2020-02-05 16:11:42.294	0.00	-86.8971	-22.6235	1	292.480011	292.670013
2020-02-05 16:11:43.233	0.00	-86.9691	-22.6231	1	292.470001	292.690002
2020-02-05 16:11:44.180	0.00	-86.9549	-22.6239	1	292.459991	292.690002
2020-02-05 16:11:45.107	0.00	-86.9568	-22.6278	1	292.489990	292.670013
2020-02-05 16:11:46.076	0.00	-86.9613	-22.6282	1	292.470001	292.690002
2020-02-05 16:11:46.984	0.00	-87.0247	-22.6262	1	292.459991	292.679993
2020-02-05 16:11:47.928	0.00	-86.9714	-22.6304	1	292.470001	292.679993
2020-02-05 16:11:48.846	0.00	-86.9450	-22.6316	1	292.459991	292.690002
2020-02-05 16:11:49.793	0.00	-86.9529	-22.6310	1	292.470001	292.690002
2020-02-05 16:11:50.744	0.00	-86.9044	-22.6287	1	292.480011	292.679993
2020-02-05 16:11:51.676	0.00	-87.0275	-22.6357	1	292.450012	292.670013
2020-02-05 16:11:52.618	0.00	-86.9452	-22.6314	1	292.470001	292.690002
2020-02-05 16:11:53.527	0.00	-86.9831	-22.6310	1	292.470001	292.690002
2020-02-05 16:11:54.519	0.00	-87.0597	-22.6352	1	292.470001	292.690002
2020-02-05 16:11:55.439	0.00	-86.9816	-22.6322	1	292.470001	292.670013
2020-02-05 16:11:56.390	0.00	-87.1090	-22.6319	1	292.470001	292.679993
2020-02-05 16:11:57.344	0.00	-87.0134	-22.6321	1	292.459991	292.679993
2020-02-05 16:11:58.247	0.00	-86.9974	-22.6297	1	292.459991	292.679993
2020-02-05 16:11:59.229	0.00	-87.0476	-22.6260	1	292.459991	292.690002
2020-02-05 16:12:00.157	0.00	-86.9647	-22.6271	1	292.459991	292.679993
2020-02-05 16:12:01.098	0.00	-86.9790	-22.6303	1	292.459991	292.679993
2020-02-05 16:12:02.039	0.00	-86.9642	-22.6295	1	292.459991	292.690002
2020-02-05 16:12:02.970	0.00	-86.9592	-22.6280	1	292.459991	292.709991
2020-02-05 16:12:03.926	0.00	-86.9399	-22.6206	1	292.470001	292.690002
2020-02-05 16:12:04.854	0.00	-86.8450	-22.6259	1	292.459991	292.690002
2020-02-05 16:12:05.802	0.00	-86.9015	-22.6274	1	292.459991	292.679993
2020-02-05 16:12:06.746	0.00	-86.8442	-22.6262	1	292.470001	292.679993
2020-02-05 16:12:07.684	0.00	-86.9482	-22.6230	1	292.470001	292.690002
2020-02-05 16:12:08.609	0.00	-87.0269	-22.6265	1	292.470001	292.679993
2020-02-05 16:12:09.558	0.00	-87.0868	-22.6281	1	292.470001	292.690002
2020-02-05 16:12:10.484	0.00	-87.1839	-22.6237	1	292.470001	292.700012
2020-02-05 16:12:11.455	0.00	-87.1234	-22.6282	1	292.470001	292.690002
2020-02-05 16:12:12.383	0.00	-87.2310	-22.6291	1	292.450012	292.679993
2020-02-05 16:12:13.352	0.00	-87.2017	-22.6235	1	292.470001	292.679993
2020-02-05 16:12:14.253	0.00	-87.2066	-22.6191	1	292.450012	292.690002
2020-02-05 16:12:15.200	0.00	-87.2491	-22.6178	1	292.450012	292.679993
2020-02-05 16:12:16.135	0.00	-87.1842	-22.6224	1	292.459991	292.690002
2020-02-05 16:12:17.089	0.00	-87.1569	-22.6237	1	292.459991	292.679993
2020-02-05 16:12:18.046	0.00	-87.1084	-22.6238	1	292.450012	292.700012
2020-02-05 16:12:18.968	0.00	-87.0928	-22.6237	1	292.459991	292.679993
2020-02-05 16:12:19.900	0.00	-87.0810	-22.6252	1	292.470001	292.679993
2020-02-05 16:12:20.851	0.00	-87.0712	-22.6243	1	292.470001	292.690002
2020-02-05 16:12:21.802	0.00	-87.1499	-22.6289	1	292.459991	292.679993
2020-02-05 16:12:22.750	0.00	-87.1230	-22.6349	1	292.470001	292.690002
2020-02-05 16:12:23.673	0.00	-87.1102	-22.6328	1	292.470001	292.700012
2020-02-05 16:12:24.609	0.00	-87.1218	-22.6298	1	292.470001	292.679993
2020-02-05 16:12:25.566	0.00	-87.0170	-22.6276	1	292.470001	292.690002
2020-02-05 16:12:26.499	0.00	-87.0206	-22.6258	1	292.459991	292.679993
2020-02-05 16:12:27.436	0.00	-86.9466	-22.6279	1	292.470001	292.690002
2020-02-05 16:12:28.388	0.00	-87.0366	-22.6400	1	292.470001	292.679993
2020-02-05 16:12:29.327	0.00	-87.0548	-22.6466	1	292.470001	292.690002
2020-02-05 16:12:30.271	0.00	-87.0754	-22.6372	1	292.450012	292.690002
2020-02-05 16:12:31.192	0.00	-87.1294	-22.6346	1	292.470001	292.679993
2020-02-05 16:12:32.145	0.00	-87.0331	-22.6518	1	292.450012	292.679993
2020-02-05 16:12:33.096	0.00	-87.0643	-22.6428	1	292.470001	292.700012
2020-02-05 16:12:34.030	0.00	-87.0023	-22.6344	1	292.459991	292.690002
2020-02-05 16:12:34.984	0.00	-86.9381	-22.6383	1	292.459991	292.690002
2020-02-05 16:12:35.913	0.00	-86.9503	-22.6409	1	292.440002	292.700012
2020-02-05 16:12:36.865	0.00	-86.8826	-22.6304	1	292.470001	292.679993
2020-02-05 16:12:37.791	0.00	-86.9166	-22.6319	1	292.459991	292.670013
2020-02-05 16:12:38.727	0.00	-86.9520	-22.6249	1	292.450012	292.679993
2020-02-05 16:12:39.680	0.00	-86.9208	-22.6436	1	292.459991	292.690002
2020-02-05 16:12:40.616	0.00	-86.9147	-22.6400	1	292.459991	292.679993
2020-02-05 16:12:41.593	0.00	-86.7299	-22.6283	1	292.450012	292.700012
2020-02-05 16:12:42.502	0.00	-86.7241	-22.6321	1	292.459991	292.679993
2020-02-05 16:12:43.435	0.00	-86.7846	-22.6313	1	292.440002	292.679993
2020-02-05 16:12:44.414	0.00	-86.7143	-22.6403	1	292.450012	292.700012
2020-02-05 16:12:45.342	0.00	-86.8301	-22.6471	1	292.450012	292.690002
2020-02-05 16:12:46.291	0.00	-86.7554	-22.6418	1	292.450012	292.709991
2020-02-05 16:12:47.217	0.00	-86.8088	-22.6491	1	292.459991	292.690002
2020-02-05 16:12:48.169	0.00	-86.7724	-22.6427	1	292.450012	292.679993
2020-02-05 16:12:49.113	0.00	-86.6450	-22.6359	1	292.459991	292.679993
2020-02-05 16:12:50.040	0.00	-86.6486	-22.6503	1	292.440002	292.690002
2020-02-05 16:12:51.004	0.00	-86.5569	-22.6537	1	292.450012	292.679993
2020-02-05 16:12:51.919	0.00	-86.6834	-22.6520	1	292.450012	292.679993
2020-02-05 16:12:52.876	0.00	-86.7528	-22.6480	1	292.450012	292.690002
2020-02-05 16:12:53.825	0.00	-86.7250	-22.6361	1	292.470001	292.679993
2020-02-05 16:12:54.791	0.00	-86.7383	-22.6563	1	292.440002	292.690002
2020-02-05 16:12:55.696	0.00	-86.6812	-22.6543	1	292.450012	292.700012
2020-02-05 16:12:56.638	0.00	-86.6596	-22.6629	1	292.450012	292.690002
2020-02-05 16:12:57.602	0.00	-86.7567	-22.6475	1	292.450012	292.690002
2020-02-05 16:12:58.528	0.00	-86.7127	-22.6353	1	292.450012	292.690002
2020-02-05 16:12:59.457	0.00	-86.7908	-22.6296	1	292.450012	292.700012
2020-02-05 16:13:00.402	0.00	-86.7408	-22.6443	1	292.450012	292.700012
2020-02-05 16:13:01.322	0.00	-86.7969	-22.6339	1	292.459991	292.700012
2020-02-05 16:13:02.276	0.00	-86.7194	-22.6369	1	292.440002	292.700012
2020-02-05 16:13:03.204	0.00	-86.6779	-22.6458	1	292.440002	292.690002
2020-02-05 16:13:04.169	0.00	-86.7238	-22.6536	1	292.450012	292.679993
2020-02-05 16:13:05.094	0.00	-86.6885	-22.6479	1	292.450012	292.690002
2020-02-05 16:13:06.037	0.00	-86.8837	-22.6487	1	292.450012	292.700012
2020-02-05 16:13:06.991	0.00	-86.8463	-22.6569	1	292.440002	292.709991
2020-02-05 16:13:07.924	0.00	-86.8057	-22.6559	1	292.440002	292.679993
2020-02-05 16:13:08.858	0.00	-86.7884	-22.6608	1	292.450012	292.690002
2020-02-05 16:13:09.827	0.00	-86.7097	-22.6569	1	292.450012	292.700012
2020-02-05 16:13:10.743	0.00	-86.7216	-22.6557	1	292.450012	292.679993
2020-02-05 16:13:11.684	0.00	-86.6912	-22.6504	1	292.440002	292.690002
2020-02-05 16:13:12.646	0.00	-86.7121	-22.6542	1	292.450012	292.679993
2020-02-05 16:13:13.566	0.00	-86.7638	-22.6606	1	292.450012	292.690002
2020-02-05 16:13:14.513	0.00	-86.7090	-22.6668	1	292.450012	292.679993
2020-02-05 16:13:15.455	0.00	-86.7749	-22.6447	1	292.440002	292.690002
2020-02-05 16:13:16.384	0.00	-86.7382	-22.6513	1	292.440002	292.690002
2020-02-05 16:13:17.310	0.00	-86.8341	-22.6437	1	292.440002	292.679993
2020-02-05 16:13:18.262	0.00	-86.8232	-22.6519	1	292.440002	292.690002
2020-02-05 16:13:19.196	0.00	-86.8389	-22.6472	1	292.440002	292.670013
2020-02-05 16:13:20.143	0.00	-86.9629	-22.6419	1	292.440002	292.690002
2020-02-05 16:13:21.085	0.00	-86.9276	-22.6504	1	292.429993	292.690002
2020-02-05 16:13:22.042	0.00	-86.9281	-22.6445	1	292.429993	292.690002
2020-02-05 16:13:22.990	0.00	-86.9466	-22.6404	1	292.429993	292.679993
2020-02-05 16:13:23.922	0.00	-86.8752	-22.6493	1	292.440002	292.690002
2020-02-05 16:13:24.873	0.00	-86.9329	-22.6558	1	292.440002	292.679993
2020-02-05 16:13:25.787	0.00	-86.8799	-22.6487	1	292.440002	292.679993
2020-02-05 16:13:26.753	0.00	-86.9693	-22.6590	1	292.440002	292.679993
2020-02-05 16:13:27.676	0.00	-86.9115	-22.6570	1	292.429993	292.690002
2020-02-05 16:13:28.614	0.00	-86.9348	-22.6435	1	292.429993	292.679993
2020-02-05 16:13:29.556	0.00	-86.9182	-22.6554	1	292.420013	292.679993
2020-02-05 16:13:30.492	0.00	-86.7865	-22.6643	1	292.429993	292.690002
2020-02-05 16:13:31.451	0.00	-86.8184	-22.6701	1	292.429993	292.690002
2020-02-05 16:13:32.371	0.00	-86.7748	-22.6739	1	292.420013	292.700012
2020-02-05 16:13:33.309	0.00	-86.7252	-22.6733	1	292.429993	292.690002
2020-02-05 16:13:34.261	0.00	-86.7738	-22.6693	1	292.429993	292.670013
2020-02-05 16:13:35.205	0.00	-86.7586	-22.6736	1	292.429993	292.679993
2020-02-05 16:13:36.166	0.00	-86.8095	-22.6793	1	292.440002	292.690002
2020-02-05 16:13:37.080	0.00	-86.7529	-22.6922	1	292.420013	292.679993
2020-02-05 16:13:38.027	0.00	-86.6879	-22.6879	1	292.420013	292.679993
2020-02-05 16:13:38.968	0.00	-86.7091	-22.6865	1	292.429993	292.700012
2020-02-05 16:13:39.887	0.00	-86.6014	-22.6905	1	292.420013	292.700012
2020-02-05 16:13:40.860	0.00	-86.6634	-22.6945	1	292.420013	292.700012
2020-02-05 16:13:41.780	0.00	-86.5874	-22.6936	1	292.410004	292.690002
2020-02-05 16:13:42.706	0.00	-86.5491	-22.6870	1	292.429993	292.700012
2020-02-05 16:13:43.672	0.00	-86.5210	-22.6901	1	292.420013	292.690002
2020-02-05 16:13:44.594	0.00	-86.4075	-22.6965	1	292.420013	292.679993
2020-02-05 16:13:45.593	0.00	-86.4592	-22.6903	1	292.420013	292.690002
2020-02-05 16:13:46.503	0.00	-86.4010	-22.6912	1	292.420013	292.679993
2020-02-05 16:13:47.433	0.00	-86.5069	-22.6828	1	292.420013	292.679993
2020-02-05 16:13:48.378	0.00	-86.5274	-22.6834	1	292.410004	292.690002
2020-02-05 16:13:49.304	0.00	-86.5484	-22.6872	1	292.410004	292.670013
2020-02-05 16:13:50.261	0.00	-86.6497	-22.6875	1	292.410004	292.690002
2020-02-05 16:13:51.180	0.00	-86.6061	-22.6727	1	292.410004	292.679993
2020-02-05 16:13:52.102	0.00	-86.6126	-22.6748	1	292.410004	292.690002
2020-02-05 16:13:53.033	0.00	-86.5165	-22.6717	1	292.410004	292.690002
2020-02-05 16:13:54.003	0.00	-86.5908	-22.6715	1	292.420013	292.690002
2020-02-05 16:13:54.925	0.00	-86.6559	-22.6639	1	292.420013	292.690002
2020-02-05 16:13:55.887	0.00	-86.6534	-22.6899	1	292.410004	292.690002
2020-02-05 16:13:56.811	0.00	-86.7093	-22.6887	1	292.410004	292.679993
2020-02-05 16:13:57.752	0.00	-86.6220	-22.6915	1	292.410004	292.690002
2020-02-05 16:13:58.703	0.00	-86.6394	-22.6860	1	292.410004	292.690002
2020-02-05 16:13:59.631	0.00	-86.6048	-22.6949	1	292.410004	292.690002
2020-02-05 16:14:00.578	0.00	-86.5490	-22.6938	1	292.410004	292.690002
2020-02-05 16:14:01.504	0.00	-86.5070	-22.6948	1	292.410004	292.679993
2020-02-05 16:14:02.453	0.00	-86.3921	-22.6958	1	292.410004	292.679993
2020-02-05 16:14:03.410	0.00	-86.4746	-22.6961	1	292.410004	292.690002
2020-02-05 16:14:04.325	0.00	-86.4849	-22.7013	1	292.410004	292.679993
2020-02-05 16:14:05.283	0.00	-86.6078	-22.7015	1	292.410004	292.690002
2020-02-05 16:14:06.217	0.00	-86.6605	-22.6906	1	292.410004	292.690002
2020-02-05 16:14:07.157	0.00	-86.7034	-22.6980	1	292.399994	292.679993
2020-02-05 16:14:08.103	0.00	-86.7155	-22.7061	1	292.410004	292.679993
2020-02-05 16:14:09.026	0.00	-86.6975	-22.6988	1	292.410004	292.670013
2020-02-05 16:14:09.969	0.00	-86.7881	-22.6986	1	292.390015	292.690002
2020-02-05 16:14:10.914	0.00	-86.7471	-22.6983	1	292.399994	292.679993
2020-02-05 16:14:11.851	0.00	-86.6990	-22.6989	1	292.399994	292.679993
2020-02-05 16:14:12.807	0.00	-86.7272	-22.7014	1	292.410004	292.679993
2020-02-05 16:14:13.745	0.00	-86.6615	-22.7063	1	292.399994	292.690002
2020-02-05 16:14:14.677	0.00	-86.7237	-22.7039	1	292.410004	292.679993
2020-02-05 16:14:15.626	0.00	-86.6594	-22.7024	1	292.410004	292.679993
2020-02-05 16:14:16.577	0.00	-86.7132	-22.6951	1	292.420013	292.690002
2020-02-05 16:14:17.498	0.00	-86.7331	-22.7030	1	292.410004	292.700012
2020-02-05 16:14:18.437	0.00	-86.6906	-22.7055	1	292.410004	292.679993
2020-02-05 16:14:19.381	0.00	-86.7893	-22.7040	1	292.399994	292.700012
2020-02-05 16:14:20.335	0.00	-86.7740	-22.7035	1	292.410004	292.679993
2020-02-05 16:14:21.250	0.00	-86.8901	-22.7043	1	292.399994	292.690002
2020-02-05 16:14:22.207	0.00	-86.8372	-22.7048	1	292.410004	292.690002
2020-02-05 16:14:23.176	0.00	-86.7490	-22.7087	1	292.410004	292.679993
2020-02-05 16:14:24.091	0.00	-86.7281	-22.7066	1	292.420013	292.690002
2020-02-05 16:14:25.044	0.00	-86.7252	-22.7068	1	292.410004	292.690002
2020-02-05 16:14:25.982	0.00	-86.7181	-22.7086	1	292.410004	292.679993
2020-02-05 16:14:26.934	0.00	-86.6657	-22.7047	1	292.410004	292.700012
2020-02-05 16:14:27.873	0.00	-86.5216	-22.7112	1	292.420013	292.679993
2020-02-05 16:14:28.805	0.00	-86.5150	-22.7027	1	292.399994	292.700012
2020-02-05 16:14:29.755	0.00	-86.4328	-22.7070	1	292.410004	292.690002
2020-02-05 16:14:30.696	0.00	-86.3835	-22.7120	1	292.410004	292.679993
2020-02-05 16:14:31.642	0.00	-86.3541	-22.7092	1	292.410004	292.700012
2020-02-05 16:14:32.573	0.00	-86.2579	-22.7124	1	292.399994	292.690002
2020-02-05 16:14:33.527	0.00	-86.3284	-22.7105	1	292.399994	292.690002
2020-02-05 16:14:34.461	0.00	-86.3921	-22.7128	1	292.420013	292.690002
2020-02-05 16:14:35.384	0.00	-86.4914	-22.7142	1	292.420013	292.690002
2020-02-05 16:14:36.369	0.00	-86.5535	-22.7117	1	292.399994	292.679993
2020-02-05 16:14:37.275	0.00	-86.4737	-22.7112	1	292.410004	292.690002
2020-02-05 16:14:38.231	0.00	-86.5638	-22.7076	1	292.420013	292.700012
2020-02-05 16:14:39.165	0.00	-86.4548	-22.7003	1	292.410004	292.709991
2020-02-05 16:14:40.100	0.00	-86.4231	-22.7089	1	292.410004	292.690002
2020-02-05 16:14:41.031	0.00	-86.3284	-22.7116	1	292.399994	292.690002
2020-02-05 16:14:41.972	0.00	-86.2670	-22.7113	1	292.420013	292.679993
2020-02-05 16:14:42.903	0.00	-86.1870	-22.7122	1	292.410004	292.690002
2020-02-05 16:14:43.876	0.00	-86.1939	-22.7112	1	292.410004	292.690002
2020-02-05 16:14:44.787	0.00	-86.3566	-22.7089	1	292.410004	292.690002
2020-02-05 16:14:45.715	0.00	-86.3713	-22.7120	1	292.410004	292.690002
2020-02-05 16:14:46.645	0.00	-86.3881	-22.7077	1	292.420013	292.690002
2020-02-05 16:14:47.602	0.00	-86.4365	-22.7096	1	292.420013	292.700012
2020-02-05 16:14:48.547	0.00	-86.4284	-22.7113	1	292.420013	292.690002
2020-02-05 16:14:49.470	0.00	-86.5091	-22.7041	1	292.410004	292.690002
2020-02-05 16:14:50.426	0.00	-86.4780	-22.7099	1	292.420013	292.679993
2020-02-05 16:14:51.381	0.00	-86.5013	-22.6891	1	292.420013	292.679993
2020-02-05 16:14:52.296	0.00	-86.3760	-22.7084	1	292.410004	292.679993
2020-02-05 16:14:53.270	0.00	-86.3277	-22.7056	1	292.420013	292.690002
2020-02-05 16:14:54.203	0.00	-86.4390	-22.7032	1	292.420013	292.679993
2020-02-05 16:14:55.130	0.00	-86.3696	-22.6997	1	292.420013	292.700012
2020-02-05 16:14:56.091	0.00	-86.4976	-22.7029	1	292.420013	292.690002
2020-02-05 16:14:56.999	0.00	-86.4553	-22.7031	1	292.410004	292.690002
2020-02-05 16:14:57.978	0.00	-86.4990	-22.6964	1	292.410004	292.679993
2020-02-05 16:14:58.896	0.00	-86.5368	-22.6959	1	292.420013	292.679993
2020-02-05 16:14:59.836	0.00	-86.5383	-22.6876	1	292.429993	292.690002
2020-02-05 16:15:00.766	0.00	-86.6525	-22.6805	1	292.410004	292.690002
2020-02-05 16:15:01.703	0.00	-86.6287	-22.6958	1	292.410004	292.679993
2020-02-05 16:15:02.684	0.00	-86.6503	-22.6993	1	292.410004	292.709991
2020-02-05 16:15:03.609	0.00	-86.6462	-22.7043	1	292.420013	292.670013
2020-02-05 16:15:04.541	0.00	-86.5751	-22.6928	1	292.420013	292.679993
2020-02-05 16:15:05.481	0.00	-86.6240	-22.6880	1	292.429993	292.700012
2020-02-05 16:15:06.431	0.00	-86.5736	-22.6948	1	292.420013	292.690002
2020-02-05 16:15:07.433	0.00	-86.5640	-22.6999	1	292.420013	292.690002
2020-02-05 16:15:08.310	0.00	-86.6001	-22.6911	1	292.429993	292.690002
2020-02-05 16:15:09.251	0.00	-86.5365	-22.6902	1	292.429993	292.690002
2020-02-05 16:15:10.201	0.00	-86.6774	-22.6801	1	292.420013	292.690002
2020-02-05 16:15:11.151	0.00	-86.6825	-22.6833	1	292.410004	292.700012
2020-02-05 16:15:12.095	0.00	-86.6475	-22.6678	1	292.420013	292.690002
2020-02-05 16:15:13.022	0.00	-86.7445	-22.6778	1	292.420013	292.700012
2020-02-05 16:15:13.955	0.00	-86.7041	-22.6963	1	292.410004	292.670013
2020-02-05 16:15:14.915	0.00	-86.8090	-22.6912	1	292.440002	292.690002
2020-02-05 16:15:15.846	0.00	-86.7020	-22.6968	1	292.420013	292.690002
2020-02-05 16:15:16.789	0.00	-86.7834	-22.6931	1	292.440002	292.679993
2020-02-05 16:15:17.727	0.00	-86.7828	-22.6882	1	292.429993	292.700012
2020-02-05 16:15:18.656	0.00	-86.8540	-22.6965	1	292.440002	292.700012
2020-02-05 16:15:19.599	0.00	-86.8481	-22.6767	1	292.429993	292.700012
2020-02-05 16:15:20.531	0.00	-86.8408	-22.6719	1	292.420013	292.690002
2020-02-05 16:15:21.464	0.00	-86.8870	-22.6767	1	292.420013	292.700012
2020-02-05 16:15:22.393	0.00	-86.8611	-22.6790	1	292.429993	292.690002
2020-02-05 16:15:23.334	0.00	-86.9232	-22.6818	1	292.429993	292.690002
2020-02-05 16:15:24.261	0.00	-86.8947	-22.6693	1	292.440002	292.690002
2020-02-05 16:15:25.222	0.00	-86.9032	-22.6746	1	292.440002	292.690002
2020-02-05 16:15:26.148	0.00	-86.8400	-22.6703	1	292.420013	292.690002
2020-02-05 16:15:27.084	0.00	-86.8286	-22.6730	1	292.429993	292.700012
2020-02-05 16:15:28.038	0.00	-86.8843	-22.6798	1	292.429993	292.700012
2020-02-05 16:15:28.964	0.00	-86.8330	-22.6829	1	292.440002	292.690002
2020-02-05 16:15:29.912	0.00	-86.8735	-22.6771	1	292.429993	292.700012
2020-02-05 16:15:30.830	0.00	-86.8521	-22.6942	1	292.429993	292.679993
2020-02-05 16:15:31.778	0.00	-86.9568	-22.6737	1	292.450012	292.690002
2020-02-05 16:15:32.709	0.00	-86.9610	-22.6500	1	292.440002	292.679993
2020-02-05 16:15:33.638	0.00	-87.0447	-22.6509	1	292.440002	292.670013
2020-02-05 16:15:34.584	0.00	-87.0005	-22.6644	1	292.440002	292.679993
2020-02-05 16:15:35.534	0.00	-86.9372	-22.6568	1	292.429993	292.700012
2020-02-05 16:15:36.448	0.00	-86.9519	-22.6550	1	292.440002	292.679993
2020-02-05 16:15:37.395	0.00	-86.9424	-22.6655	1	292.440002	292.700012
2020-02-05 16:15:38.294	0.00	-86.9580	-22.6459	1	292.440002	292.690002
2020-02-05 16:15:39.277	0.00	-86.8851	-22.6659	1	292.440002	292.679993
2020-02-05 16:15:40.223	0.00	-86.9025	-22.6619	1	292.429993	292.700012
2020-02-05 16:15:41.153	0.00	-86.9391	-22.6501	1	292.440002	292.679993
2020-02-05 16:15:42.107	0.00	-86.8490	-22.6551	1	292.429993	292.690002
2020-02-05 16:15:43.055	0.00	-86.8381	-22.6503	1	292.440002	292.679993
2020-02-05 16:15:43.970	0.00	-86.6876	-22.6402	1	292.450012	292.700012
2020-02-05 16:15:44.925	0.00	-86.6659	-22.6392	1	292.450012	292.690002
2020-02-05 16:15:45.872	0.00	-86.6689	-22.6526	1	292.429993	292.690002
2020-02-05 16:15:46.812	0.00	-86.5268	-22.6574	1	292.440002	292.700012
2020-02-05 16:15:47.779	0.00	-86.6300	-22.6535	1	292.429993	292.700012
2020-02-05 16:15:48.676	0.00	-86.5682	-22.6517	1	292.440002	292.679993
2020-02-05 16:15:49.653	0.00	-86.5857	-22.6657	1	292.429993	292.679993
2020-02-05 16:15:50.578	0.00	-86.6286	-22.6551	1	292.440002	292.690002
2020-02-05 16:15:51.500	0.00	-86.5995	-22.6427	1	292.420013	292.700012
2020-02-05 16:15:52.463	0.00	-86.6488	-22.6620	1	292.429993	292.690002
2020-02-05 16:15:53.412	0.00	-86.6421	-22.6612	1	292.450012	292.679993
2020-02-05 16:15:54.360	0.00	-86.6500	-22.6632	1	292.450012	292.700012
2020-02-05 16:15:55.282	0.00	-86.5748	-22.6641	1	292.440002	292.690002
2020-02-05 16:15:56.216	0.00	-86.4161	-22.6653	1	292.440002	292.700012
2020-02-05 16:15:57.158	0.00	-86.4910	-22.6510	1	292.440002	292.700012
2020-02-05 16:15:58.073	0.00	-86.4641	-22.6548	1	292.440002	292.679993
2020-02-05 16:15:59.050	0.00	-86.5330	-22.6542	1	292.440002	292.700012
2020-02-05 16:15:59.996	0.00	-86.5178	-22.6566	1	292.440002	292.690002
2020-02-05 16:16:00.934	0.00	-86.4735	-22.6589	1	292.440002	292.679993
2020-02-05 16:16:01.861	0.00	-86.6159	-22.6494	1	292.429993	292.700012
2020-02-05 16:16:02.802	0.00	-86.6227	-22.6302	1	292.440002	292.700012
2020-02-05 16:16:03.737	0.00	-86.6696	-22.6310	1	292.429993	292.679993
2020-02-05 16:16:04.684	0.00	-86.5973	-22.6290	1	292.420013	292.679993
2020-02-05 16:16:05.626	0.00	-86.6166	-22.6293	1	292.429993	292.709991
2020-02-05 16:16:06.543	0.00	-86.5738	-22.6302	1	292.429993	292.700012
2020-02-05 16:16:07.486	0.00	-86.5531	-22.6377	1	292.429993	292.690002
2020-02-05 16:16:08.436	0.00	-86.5098	-22.6411	1	292.440002	292.679993
2020-02-05 16:16:09.390	0.00	-86.4917	-22.6351	1	292.420013	292.690002
2020-02-05 16:16:10.306	0.00	-86.5984	-22.6350	1	292.440002	292.690002
2020-02-05 16:16:11.239	0.00	-86.5343	-22.6400	1	292.429993	292.690002
2020-02-05 16:16:12.193	0.00	-86.6674	-22.6384	1	292.450012	292.690002
2020-02-05 16:16:13.090	0.00	-86.7188	-22.6387	1	292.440002	292.690002
2020-02-05 16:16:14.074	0.00	-86.6617	-22.6275	1	292.440002	292.690002
2020-02-05 16:16:15.004	0.00	-86.7220	-22.6296	1	292.440002	292.690002
2020-02-05 16:16:15.943	0.00	-86.7426	-22.6206	1	292.440002	292.690002
2020-02-05 16:16:16.907	0.00	-86.6842	-22.6308	1	292.440002	292.700012
2020-02-05 16:16:17.823	0.00	-86.6918	-22.6281	1	292.440002	292.690002
2020-02-05 16:16:18.760	0.00	-86.5985	-22.6261	1	292.429993	292.700012
2020-02-05 16:16:19.717	0.00	-86.6825	-22.6248	1	292.450012	292.709991
2020-02-05 16:16:20.663	0.00	-86.6635	-22.6283	1	292.440002	292.679993
2020-02-05 16:16:21.593	0.00	-86.6526	-22.6264	1	292.440002	292.690002
2020-02-05 16:16:22.540	0.00	-86.5676	-22.6273	1	292.450012	292.690002
2020-02-05 16:16:23.490	0.00	-86.5284	-22.6251	1	292.440002	292.679993
2020-02-05 16:16:24.411	0.00	-86.6023	-22.6337	1	292.440002	292.700012
2020-02-05 16:16:25.356	0.00	-86.4854	-22.6332	1	292.440002	292.690002
2020-02-05 16:16:26.320	0.00	-86.4363	-22.6250	1	292.450012	292.700012
2020-02-05 16:16:27.234	0.00	-86.4065	-22.6310	1	292.450012	292.690002
2020-02-05 16:16:28.189	0.00	-86.3745	-22.6327	1	292.450012	292.690002
2020-02-05 16:16:29.139	0.00	-86.4137	-22.6350	1	292.429993	292.700012
2020-02-05 16:16:30.072	0.00	-86.3519	-22.6366	1	292.450012	292.679993
2020-02-05 16:16:31.030	0.00	-86.3822	-22.6302	1	292.440002	292.679993
2020-02-05 16:16:31.957	0.00	-86.3063	-22.6328	1	292.450012	292.679993
2020-02-05 16:16:32.917	0.00	-86.2937	-22.6230	1	292.440002	292.700012
2020-02-05 16:16:33.842	0.00	-86.4417	-22.6258	1	292.450012	292.700012
2020-02-05 16:16:34.747	0.00	-86.3958	-22.6219	1	292.440002	292.679993
2020-02-05 16:16:35.715	0.00	-86.4230	-22.6143	1	292.450012	292.690002
2020-02-05 16:16:36.664	0.00	-86.4218	-22.6191	1	292.440002	292.690002
2020-02-05 16:16:37.607	0.00	-86.4324	-22.6239	1	292.450012	292.690002
2020-02-05 16:16:38.506	0.00	-86.4154	-22.6195	1	292.450012	292.690002
2020-02-05 16:16:39.487	0.00	-86.3464	-22.6209	1	292.450012	292.690002
2020-02-05 16:16:40.420	0.00	-86.4607	-22.6125	1	292.450012	292.679993
2020-02-05 16:16:41.360	0.00	-86.4233	-22.6159	1	292.440002	292.690002
2020-02-05 16:16:42.288	0.00	-86.5240	-22.6182	1	292.440002	292.690002
2020-02-05 16:16:43.243	0.00	-86.5433	-22.6190	1	292.440002	292.690002
2020-02-05 16:16:44.163	0.00	-86.5800	-22.6215	1	292.450012	292.690002
2020-02-05 16:16:45.114	0.00	-86.6535	-22.6169	1	292.450012	292.690002
2020-02-05 16:16:46.052	0.00	-86.5577	-22.6206	1	292.440002	292.679993
2020-02-05 16:16:46.989	0.00	-86.5801	-22.6183	1	292.450012	292.679993
2020-02-05 16:16:47.956	0.00	-86.5138	-22.6151	1	292.440002	292.679993
2020-02-05 16:16:48.881	0.00	-86.5159	-22.6120	1	292.450012	292.690002
2020-02-05 16:16:49.843	0.00	-86.6219	-22.6094	1	292.450012	292.670013
2020-02-05 16:16:50.766	0.00	-86.4997	-22.6124	1	292.440002	292.679993
2020-02-05 16:16:51.698	0.00	-86.4396	-22.6131	1	292.459991	292.679993
2020-02-05 16:16:52.657	0.00	-86.3704	-22.6187	1	292.450012	292.690002
2020-02-05 16:16:53.618	0.00	-86.2889	-22.6178	1	292.459991	292.690002
2020-02-05 16:16:54.529	0.00	-86.3278	-22.6126	1	292.450012	292.679993
2020-02-05 16:16:55.473	0.00	-86.3640	-22.6203	1	292.459991	292.679993
2020-02-05 16:16:56.396	0.00	-86.4263	-22.6228	1	292.429993	292.670013
2020-02-05 16:16:57.357	0.00	-86.4049	-22.6143	1	292.470001	292.690002
2020-02-05 16:16:58.299	0.00	-86.3802	-22.6171	1	292.459991	292.679993
2020-02-05 16:16:59.252	0.00	-86.4283	-22.6142	1	292.450012	292.690002
2020-02-05 16:17:00.177	0.00	-86.3161	-22.6120	1	292.459991	292.670013
2020-02-05 16:17:01.099	0.00	-86.3461	-22.6130	1	292.450012	292.690002
2020-02-05 16:17:02.074	0.00	-86.2937	-22.6135	1	292.450012	292.690002
2020-02-05 16:17:02.992	0.00	-86.2785	-22.6135	1	292.459991	292.670013
2020-02-05 16:17:03.959	0.00	-86.3738	-22.6104	1	292.459991	292.679993
2020-02-05 16:17:04.886	0.00	-86.4063	-22.6118	1	292.450012	292.690002
2020-02-05 16:17:05.820	0.00	-86.4816	-22.6152	1	292.459991	292.679993
2020-02-05 16:17:06.786	0.00	-86.3586	-22.6127	1	292.450012	292.679993
2020-02-05 16:17:07.708	0.00	-86.3235	-22.6145	1	292.450012	292.690002
2020-02-05 16:17:08.650	0.00	-86.3304	-22.6137	1	292.459991	292.690002
2020-02-05 16:17:09.565	0.00	-86.2715	-22.6153	1	292.459991	292.679993
2020-02-05 16:17:10.524	0.00	-86.2766	-22.6149	1	292.450012	292.679993
