TS	Tilt	Phase	Amplitude	PLL_Locked	TempSensor1	TempSensor2
2020-02-05 17:00:30.107	0.00	97.9497	-18.7992	1	292.410004	292.670013
2020-02-05 17:00:31.054	0.00	97.8205	-18.7943	1	292.410004	292.649994
2020-02-05 17:00:31.997	0.00	97.9215	-18.7969	1	292.420013	292.660004
2020-02-05 17:00:32.948	0.00	97.8648	-18.8047	1	292.420013	292.670013
2020-02-05 17:00:33.876	0.00	97.8815	-18.8003	1	292.410004	292.660004
2020-02-05 17:00:34.806	0.00	97.8600	-18.8027	1	292.410004	292.660004
2020-02-05 17:00:35.735	0.00	97.8121	-18.8128	1	292.410004	292.660004
2020-02-05 17:00:36.694	0.00	97.8743	-18.8165	1	292.410004	292.670013
2020-02-05 17:00:37.644	0.00	97.7750	-18.8110	1	292.410004	292.660004
2020-02-05 17:00:38.579	0.00	97.7570	-18.8121	1	292.420013	292.649994
2020-02-05 17:00:39.528	0.00	97.7486	-18.8131	1	292.429993	292.649994
2020-02-05 17:00:40.478	0.00	97.7235	-18.8111	1	292.399994	292.660004
2020-02-05 17:00:41.420	0.00	97.7177	-18.8104	1	292.399994	292.649994
2020-02-05 17:00:42.353	0.00	97.7620	-18.8137	1	292.410004	292.649994
2020-02-05 17:00:43.307	0.00	97.6766	-18.8138	1	292.399994	292.640015
2020-02-05 17:00:44.233	0.00	97.7895	-18.8096	1	292.410004	292.660004
2020-02-05 17:00:45.201	0.00	97.7901	-18.8139	1	292.399994	292.660004
2020-02-05 17:00:46.119	0.00	97.8324	-18.8164	1	292.410004	292.649994
2020-02-05 17:00:47.067	0.00	97.9110	-18.8092	1	292.399994	292.660004
2020-02-05 17:00:48.003	0.00	97.8490	-18.8078	1	292.390015	292.649994
2020-02-05 17:00:48.959	0.00	97.9425	-18.8081	1	292.399994	292.660004
2020-02-05 17:00:49.886	0.00	97.8052	-18.8055	1	292.390015	292.660004
2020-02-05 17:00:50.824	0.00	97.8687	-18.8032	1	292.390015	292.660004
2020-02-05 17:00:51.759	0.00	97.9885	-18.8047	1	292.410004	292.670013
2020-02-05 17:00:52.712	0.00	98.0513	-18.8061	1	292.399994	292.649994
2020-02-05 17:00:53.649	0.00	98.1722	-18.8005	1	292.390015	292.660004
2020-02-05 17:00:54.585	0.00	98.0246	-18.8006	1	292.399994	292.660004
2020-02-05 17:00:55.537	0.00	98.0541	-18.8034	1	292.399994	292.660004
2020-02-05 17:00:56.477	0.00	98.0511	-18.8011	1	292.399994	292.660004
2020-02-05 17:00:57.430	0.00	97.9597	-18.7996	1	292.390015	292.660004
2020-02-05 17:00:58.334	0.00	98.0010	-18.7980	1	292.390015	292.660004
2020-02-05 17:00:59.311	0.00	97.9452	-18.8026	1	292.380005	292.660004
2020-02-05 17:01:00.246	0.00	97.9093	-18.8018	1	292.380005	292.649994
2020-02-05 17:01:01.172	0.00	97.9577	-18.8017	1	292.390015	292.660004
2020-02-05 17:01:02.148	0.00	97.8958	-18.7979	1	292.390015	292.670013
2020-02-05 17:01:03.062	0.00	98.0187	-18.7961	1	292.390015	292.660004
2020-02-05 17:01:04.002	0.00	97.9749	-18.8063	1	292.390015	292.660004
2020-02-05 17:01:04.947	0.00	97.9966	-18.8027	1	292.390015	292.660004
2020-02-05 17:01:05.868	0.00	97.9862	-18.7984	1	292.380005	292.660004
2020-02-05 17:01:06.838	0.00	97.8467	-18.8020	1	292.380005	292.660004
2020-02-05 17:01:07.759	0.00	97.9768	-18.7996	1	292.380005	292.649994
2020-02-05 17:01:08.740	0.00	97.9329	-18.8011	1	292.390015	292.660004
2020-02-05 17:01:09.673	0.00	97.9235	-18.7944	1	292.380005	292.660004
2020-02-05 17:01:10.602	0.00	98.0188	-18.7964	1	292.390015	292.660004
2020-02-05 17:01:11.559	0.00	98.0990	-18.7942	1	292.380005	292.660004
2020-02-05 17:01:12.474	0.00	98.2798	-18.7937	1	292.390015	292.660004
2020-02-05 17:01:13.447	0.00	98.2840	-18.7963	1	292.380005	292.660004
2020-02-05 17:01:14.363	0.00	98.2667	-18.7933	1	292.380005	292.660004
2020-02-05 17:01:15.305	0.00	98.2237	-18.7932	1	292.390015	292.670013
2020-02-05 17:01:16.257	0.00	98.0852	-18.7988	1	292.390015	292.660004
2020-02-05 17:01:17.190	0.00	98.1225	-18.8046	1	292.380005	292.660004
2020-02-05 17:01:18.143	0.00	98.0752	-18.8040	1	292.380005	292.660004
2020-02-05 17:01:19.044	0.00	98.1031	-18.7953	1	292.369995	292.649994
2020-02-05 17:01:20.005	0.00	98.2567	-18.7952	1	292.380005	292.670013
2020-02-05 17:01:20.954	0.00	98.3027	-18.7951	1	292.380005	292.640015
2020-02-05 17:01:21.893	0.00	98.4760	-18.7942	1	292.399994	292.660004
2020-02-05 17:01:22.838	0.00	98.4211	-18.7984	1	292.380005	292.649994
2020-02-05 17:01:23.768	0.00	98.5203	-18.7964	1	292.380005	292.660004
2020-02-05 17:01:24.701	0.00	98.5284	-18.7996	1	292.380005	292.649994
2020-02-05 17:01:25.672	0.00	98.5288	-18.7989	1	292.380005	292.660004
2020-02-05 17:01:26.607	0.00	98.6370	-18.7940	1	292.390015	292.649994
2020-02-05 17:01:27.538	0.00	98.5720	-18.8009	1	292.380005	292.670013
2020-02-05 17:01:28.483	0.00	98.5902	-18.7968	1	292.390015	292.660004
2020-02-05 17:01:29.428	0.00	98.6268	-18.7936	1	292.380005	292.660004
2020-02-05 17:01:30.377	0.00	98.4875	-18.8003	1	292.380005	292.660004
2020-02-05 17:01:31.303	0.00	98.4817	-18.8062	1	292.369995	292.660004
2020-02-05 17:01:32.258	0.00	98.3685	-18.8058	1	292.369995	292.660004
2020-02-05 17:01:33.193	0.00	98.4460	-18.8066	1	292.380005	292.649994
2020-02-05 17:01:34.120	0.00	98.4811	-18.8074	1	292.380005	292.649994
2020-02-05 17:01:35.074	0.00	98.3754	-18.8003	1	292.369995	292.679993
2020-02-05 17:01:36.019	0.00	98.4094	-18.8035	1	292.380005	292.660004
2020-02-05 17:01:36.953	0.00	98.3788	-18.8043	1	292.369995	292.649994
2020-02-05 17:01:37.866	0.00	98.4044	-18.8059	1	292.390015	292.649994
2020-02-05 17:01:38.853	0.00	98.5851	-18.8065	1	292.369995	292.660004
2020-02-05 17:01:39.785	0.00	98.5747	-18.8040	1	292.380005	292.660004
2020-02-05 17:01:40.703	0.00	98.7515	-18.8008	1	292.369995	292.649994
2020-02-05 17:01:41.658	0.00	98.8313	-18.8072	1	292.359985	292.660004
2020-02-05 17:01:42.598	0.00	98.8356	-18.8028	1	292.380005	292.640015
2020-02-05 17:01:43.533	0.00	98.9408	-18.7999	1	292.359985	292.649994
2020-02-05 17:01:44.490	0.00	98.8342	-18.8069	1	292.369995	292.649994
2020-02-05 17:01:45.406	0.00	98.9162	-18.8108	1	292.380005	292.660004
2020-02-05 17:01:46.347	0.00	98.8579	-18.8130	1	292.380005	292.649994
2020-02-05 17:01:47.290	0.00	98.8905	-18.8108	1	292.380005	292.660004
2020-02-05 17:01:48.226	0.00	98.8607	-18.8070	1	292.369995	292.649994
2020-02-05 17:01:49.189	0.00	98.8318	-18.8020	1	292.369995	292.670013
2020-02-05 17:01:50.111	0.00	98.9574	-18.8075	1	292.369995	292.649994
2020-02-05 17:01:51.044	0.00	98.9458	-18.8071	1	292.380005	292.660004
2020-02-05 17:01:52.004	0.00	99.0495	-18.8067	1	292.369995	292.660004
2020-02-05 17:01:52.916	0.00	99.0857	-18.8146	1	292.380005	292.660004
2020-02-05 17:01:53.866	0.00	99.1922	-18.8141	1	292.380005	292.649994
2020-02-05 17:01:54.804	0.00	99.2902	-18.8041	1	292.380005	292.649994
2020-02-05 17:01:55.739	0.00	99.1558	-18.8011	1	292.380005	292.660004
2020-02-05 17:01:56.702	0.00	99.2018	-18.8098	1	292.369995	292.660004
2020-02-05 17:01:57.632	0.00	99.1217	-18.8140	1	292.390015	292.660004
2020-02-05 17:01:58.546	0.00	99.1402	-18.8098	1	292.369995	292.660004
2020-02-05 17:01:59.514	0.00	99.1706	-18.8042	1	292.359985	292.649994
2020-02-05 17:02:00.455	0.00	99.0740	-18.8095	1	292.359985	292.660004
2020-02-05 17:02:01.383	0.00	99.1868	-18.8019	1	292.369995	292.670013
2020-02-05 17:02:02.332	0.00	99.0696	-18.8064	1	292.369995	292.660004
2020-02-05 17:02:03.259	0.00	99.1307	-18.8175	1	292.390015	292.660004
2020-02-05 17:02:04.220	0.00	99.1657	-18.8138	1	292.359985	292.649994
2020-02-05 17:02:05.164	0.00	99.1855	-18.8005	1	292.369995	292.660004
2020-02-05 17:02:06.066	0.00	99.3351	-18.7986	1	292.380005	292.660004
2020-02-05 17:02:07.030	0.00	99.3408	-18.7973	1	292.380005	292.649994
2020-02-05 17:02:07.958	0.00	99.4538	-18.7989	1	292.380005	292.660004
2020-02-05 17:02:08.916	0.00	99.3940	-18.8049	1	292.359985	292.670013
2020-02-05 17:02:09.838	0.00	99.3643	-18.8076	1	292.369995	292.649994
2020-02-05 17:02:10.776	0.00	99.3543	-18.8078	1	292.369995	292.660004
2020-02-05 17:02:11.745	0.00	99.2839	-18.8055	1	292.390015	292.660004
2020-02-05 17:02:12.664	0.00	99.3144	-18.7989	1	292.369995	292.649994
2020-02-05 17:02:13.615	0.00	99.1982	-18.8000	1	292.369995	292.660004
2020-02-05 17:02:14.548	0.00	99.1099	-18.8050	1	292.369995	292.649994
2020-02-05 17:02:15.486	0.00	99.1832	-18.8038	1	292.380005	292.649994
2020-02-05 17:02:16.426	0.00	99.0282	-18.8070	1	292.359985	292.660004
2020-02-05 17:02:17.374	0.00	99.1222	-18.8090	1	292.380005	292.660004
2020-02-05 17:02:18.311	0.00	99.0145	-18.8121	1	292.369995	292.670013
2020-02-05 17:02:19.253	0.00	99.0766	-18.8177	1	292.390015	292.660004
2020-02-05 17:02:20.199	0.00	99.0951	-18.8173	1	292.380005	292.660004
2020-02-05 17:02:21.135	0.00	98.9317	-18.8183	1	292.380005	292.660004
2020-02-05 17:02:22.047	0.00	98.9690	-18.8179	1	292.359985	292.649994
2020-02-05 17:02:22.991	0.00	98.7818	-18.8205	1	292.369995	292.640015
2020-02-05 17:02:23.971	0.00	98.7966	-18.8223	1	292.380005	292.649994
2020-02-05 17:02:24.882	0.00	98.7323	-18.8172	1	292.359985	292.660004
2020-02-05 17:02:25.843	0.00	98.7734	-18.8161	1	292.369995	292.660004
2020-02-05 17:02:26.768	0.00	98.9065	-18.8122	1	292.359985	292.649994
2020-02-05 17:02:27.695	0.00	98.8462	-18.8088	1	292.380005	292.649994
2020-02-05 17:02:28.660	0.00	99.0032	-18.8084	1	292.369995	292.649994
2020-02-05 17:02:29.570	0.00	99.0378	-18.8107	1	292.380005	292.660004
2020-02-05 17:02:30.508	0.00	99.0922	-18.8105	1	292.369995	292.640015
2020-02-05 17:02:31.452	0.00	99.1530	-18.8136	1	292.369995	292.649994
2020-02-05 17:02:32.392	0.00	99.1532	-18.8141	1	292.359985	292.660004
2020-02-05 17:02:33.354	0.00	99.2740	-18.8150	1	292.359985	292.649994
2020-02-05 17:02:34.281	0.00	99.2756	-18.8130	1	292.380005	292.649994
2020-02-05 17:02:35.213	0.00	99.2210	-18.8085	1	292.359985	292.640015
2020-02-05 17:02:36.169	0.00	99.2005	-18.8146	1	292.359985	292.649994
2020-02-05 17:02:37.116	0.00	99.1215	-18.8108	1	292.369995	292.640015
2020-02-05 17:02:38.041	0.00	99.2422	-18.8158	1	292.359985	292.660004
2020-02-05 17:02:38.981	0.00	99.1142	-18.8043	1	292.380005	292.660004
2020-02-05 17:02:39.922	0.00	99.0925	-18.8060	1	292.380005	292.649994
2020-02-05 17:02:40.874	0.00	99.1097	-18.8057	1	292.380005	292.660004
2020-02-05 17:02:41.816	0.00	99.0656	-18.8074	1	292.369995	292.649994
2020-02-05 17:02:42.740	0.00	99.2417	-18.8069	1	292.369995	292.649994
2020-02-05 17:02:43.682	0.00	99.1871	-18.8144	1	292.359985	292.649994
2020-02-05 17:02:44.620	0.00	99.2015	-18.8085	1	292.369995	292.640015
2020-02-05 17:02:45.582	0.00	99.1276	-18.8090	1	292.359985	292.660004
2020-02-05 17:02:46.494	0.00	99.1068	-18.8112	1	292.359985	292.660004
2020-02-05 17:02:47.441	0.00	99.2208	-18.8216	1	292.380005	292.649994
2020-02-05 17:02:48.391	0.00	99.1282	-18.8106	1	292.380005	292.660004
2020-02-05 17:02:49.324	0.00	99.1189	-18.8143	1	292.359985	292.649994
2020-02-05 17:02:50.278	0.00	99.0094	-18.8104	1	292.369995	292.649994
2020-02-05 17:02:51.208	0.00	98.8670	-18.8136	1	292.369995	292.649994
2020-02-05 17:02:52.137	0.00	98.8044	-18.8102	1	292.359985	292.649994
2020-02-05 17:02:53.085	0.00	98.6804	-18.8117	1	292.380005	292.640015
2020-02-05 17:02:54.007	0.00	98.6759	-18.8133	1	292.369995	292.670013
2020-02-05 17:02:54.981	0.00	98.5997	-18.8198	1	292.369995	292.640015
2020-02-05 17:02:55.906	0.00	98.5844	-18.8194	1	292.359985	292.660004
2020-02-05 17:02:56.831	0.00	98.6658	-18.8211	1	292.369995	292.660004
2020-02-05 17:02:57.801	0.00	98.5597	-18.8220	1	292.369995	292.649994
2020-02-05 17:02:58.697	0.00	98.6195	-18.8238	1	292.359985	292.660004
2020-02-05 17:02:59.709	0.00	98.5763	-18.8260	1	292.380005	292.649994
2020-02-05 17:03:00.617	0.00	98.5721	-18.8258	1	292.369995	292.640015
2020-02-05 17:03:01.556	0.00	98.6570	-18.8257	1	292.359985	292.660004
2020-02-05 17:03:02.508	0.00	98.4665	-18.8289	1	292.369995	292.660004
2020-02-05 17:03:03.437	0.00	98.5895	-18.8278	1	292.359985	292.649994
2020-02-05 17:03:04.400	0.00	98.5623	-18.8219	1	292.359985	292.649994
2020-02-05 17:03:05.329	0.00	98.5183	-18.8234	1	292.369995	292.670013
2020-02-05 17:03:06.227	0.00	98.6356	-18.8191	1	292.369995	292.660004
2020-02-05 17:03:07.207	0.00	98.5707	-18.8231	1	292.359985	292.649994
2020-02-05 17:03:08.155	0.00	98.6717	-18.8191	1	292.369995	292.649994
2020-02-05 17:03:09.086	0.00	98.6929	-18.8161	1	292.359985	292.660004
2020-02-05 17:03:10.019	0.00	98.6816	-18.8163	1	292.369995	292.660004
2020-02-05 17:03:10.970	0.00	98.8229	-18.8169	1	292.359985	292.670013
2020-02-05 17:03:11.916	0.00	98.7804	-18.8108	1	292.359985	292.660004
2020-02-05 17:03:12.862	0.00	98.8601	-18.8181	1	292.390015	292.660004
2020-02-05 17:03:13.790	0.00	98.9119	-18.8185	1	292.369995	292.649994
2020-02-05 17:03:14.723	0.00	98.7845	-18.8235	1	292.369995	292.670013
2020-02-05 17:03:15.670	0.00	98.7745	-18.8194	1	292.380005	292.649994
2020-02-05 17:03:16.617	0.00	98.5561	-18.8264	1	292.350006	292.660004
2020-02-05 17:03:17.534	0.00	98.6393	-18.8180	1	292.369995	292.660004
2020-02-05 17:03:18.475	0.00	98.7174	-18.8130	1	292.369995	292.649994
2020-02-05 17:03:19.426	0.00	98.7920	-18.8159	1	292.380005	292.660004
2020-02-05 17:03:20.379	0.00	98.8593	-18.8117	1	292.369995	292.660004
2020-02-05 17:03:21.343	0.00	98.8028	-18.8118	1	292.369995	292.649994
2020-02-05 17:03:22.242	0.00	98.9004	-18.8102	1	292.359985	292.649994
2020-02-05 17:03:23.209	0.00	98.9049	-18.8098	1	292.369995	292.660004
2020-02-05 17:03:24.144	0.00	98.9329	-18.8105	1	292.359985	292.670013
2020-02-05 17:03:25.079	0.00	98.8990	-18.8174	1	292.369995	292.670013
2020-02-05 17:03:26.042	0.00	98.7676	-18.8243	1	292.380005	292.660004
2020-02-05 17:03:26.959	0.00	98.7423	-18.8182	1	292.359985	292.649994
2020-02-05 17:03:27.914	0.00	98.7063	-18.8118	1	292.359985	292.660004
2020-02-05 17:03:28.855	0.00	98.7021	-18.8195	1	292.359985	292.649994
2020-02-05 17:03:29.788	0.00	98.8298	-18.8181	1	292.359985	292.640015
2020-02-05 17:03:30.730	0.00	98.7675	-18.8187	1	292.359985	292.660004
2020-02-05 17:03:31.666	0.00	98.8135	-18.8149	1	292.369995	292.649994
2020-02-05 17:03:32.599	0.00	98.7630	-18.8177	1	292.369995	292.660004
2020-02-05 17:03:33.573	0.00	98.7550	-18.8163	1	292.359985	292.660004
2020-02-05 17:03:34.475	0.00	98.9460	-18.8138	1	292.359985	292.660004
2020-02-05 17:03:35.446	0.00	98.9319	-18.8113	1	292.369995	292.649994
2020-02-05 17:03:36.363	0.00	99.0394	-18.8163	1	292.359985	292.649994
2020-02-05 17:03:37.301	0.00	98.9849	-18.8173	1	292.359985	292.660004
2020-02-05 17:03:38.242	0.00	98.9529	-18.8181	1	292.359985	292.660004
2020-02-05 17:03:39.182	0.00	99.0200	-18.8161	1	292.359985	292.649994
2020-02-05 17:03:40.153	0.00	98.8518	-18.8210	1	292.350006	292.640015
2020-02-05 17:03:41.079	0.00	98.8484	-18.8250	1	292.359985	292.660004
2020-02-05 17:03:42.027	0.00	98.7562	-18.8297	1	292.350006	292.649994
2020-02-05 17:03:42.966	0.00	98.7115	-18.8253	1	292.359985	292.660004
2020-02-05 17:03:43.906	0.00	98.7472	-18.8234	1	292.350006	292.660004
2020-02-05 17:03:44.868	0.00	98.7833	-18.8263	1	292.359985	292.660004
2020-02-05 17:03:45.788	0.00	98.8724	-18.8277	1	292.359985	292.660004
2020-02-05 17:03:46.746	0.00	98.9929	-18.8244	1	292.359985	292.649994
2020-02-05 17:03:47.685	0.00	98.9826	-18.8229	1	292.359985	292.640015
2020-02-05 17:03:48.637	0.00	99.1143	-18.8175	1	292.359985	292.640015
2020-02-05 17:03:49.585	0.00	99.0698	-18.8236	1	292.359985	292.640015
2020-02-05 17:03:50.507	0.00	99.0978	-18.8217	1	292.369995	292.660004
2020-02-05 17:03:51.447	0.00	99.1284	-18.8228	1	292.359985	292.649994
2020-02-05 17:03:52.381	0.00	98.9793	-18.8178	1	292.359985	292.649994
2020-02-05 17:03:53.336	0.00	99.0593	-18.8136	1	292.359985	292.649994
2020-02-05 17:03:54.282	0.00	99.0815	-18.8202	1	292.359985	292.670013
2020-02-05 17:03:55.165	0.00	99.1541	-18.8276	1	292.359985	292.660004
2020-02-05 17:03:56.142	0.00	99.1294	-18.8246	1	292.350006	292.670013
2020-02-05 17:03:57.100	0.00	99.0105	-18.8262	1	292.380005	292.660004
2020-02-05 17:03:58.057	0.00	99.1239	-18.8305	1	292.350006	292.649994
2020-02-05 17:03:58.996	0.00	99.0204	-18.8243	1	292.350006	292.660004
2020-02-05 17:03:59.930	0.00	99.0113	-18.8337	1	292.350006	292.660004
2020-02-05 17:04:00.901	0.00	99.0398	-18.8297	1	292.350006	292.649994
2020-02-05 17:04:01.815	0.00	98.9838	-18.8260	1	292.359985	292.660004
2020-02-05 17:04:02.773	0.00	99.0300	-18.8250	1	292.359985	292.660004
2020-02-05 17:04:03.717	0.00	99.0854	-18.8312	1	292.350006	292.660004
2020-02-05 17:04:04.659	0.00	99.0877	-18.8294	1	292.359985	292.649994
2020-02-05 17:04:05.569	0.00	99.1750	-18.8246	1	292.350006	292.660004
2020-02-05 17:04:06.512	0.00	99.1330	-18.8274	1	292.350006	292.660004
2020-02-05 17:04:07.494	0.00	99.1509	-18.8161	1	292.350006	292.660004
2020-02-05 17:04:08.416	0.00	99.3700	-18.8206	1	292.350006	292.649994
2020-02-05 17:04:09.361	0.00	99.3373	-18.8201	1	292.350006	292.649994
2020-02-05 17:04:10.290	0.00	99.4249	-18.8193	1	292.359985	292.660004
2020-02-05 17:04:11.234	0.00	99.4716	-18.8252	1	292.359985	292.649994
2020-02-05 17:04:12.182	0.00	99.5004	-18.8192	1	292.359985	292.660004
2020-02-05 17:04:13.109	0.00	99.5524	-18.8200	1	292.359985	292.640015
2020-02-05 17:04:14.052	0.00	99.4634	-18.8184	1	292.339996	292.660004
2020-02-05 17:04:15.020	0.00	99.4919	-18.8119	1	292.359985	292.649994
2020-02-05 17:04:15.933	0.00	99.3004	-18.8103	1	292.350006	292.660004
2020-02-05 17:04:16.860	0.00	99.3357	-18.8188	1	292.350006	292.649994
2020-02-05 17:04:17.812	0.00	99.3420	-18.8235	1	292.339996	292.660004
2020-02-05 17:04:18.750	0.00	99.3669	-18.8220	1	292.350006	292.649994
2020-02-05 17:04:19.709	0.00	99.4385	-18.8245	1	292.350006	292.660004
2020-02-05 17:04:20.636	0.00	99.4043	-18.8347	1	292.350006	292.649994
2020-02-05 17:04:21.566	0.00	99.4679	-18.8255	1	292.359985	292.660004
2020-02-05 17:04:22.519	0.00	99.4875	-18.8312	1	292.359985	292.660004
2020-02-05 17:04:23.440	0.00	99.5106	-18.8255	1	292.359985	292.649994
2020-02-05 17:04:24.396	0.00	99.6324	-18.8274	1	292.359985	292.660004
2020-02-05 17:04:25.349	0.00	99.5824	-18.8273	1	292.359985	292.649994
2020-02-05 17:04:26.269	0.00	99.6673	-18.8309	1	292.359985	292.649994
2020-02-05 17:04:27.231	0.00	99.6089	-18.8261	1	292.359985	292.660004
2020-02-05 17:04:28.147	0.00	99.5575	-18.8304	1	292.350006	292.660004
2020-02-05 17:04:29.096	0.00	99.5771	-18.8300	1	292.369995	292.649994
2020-02-05 17:04:30.051	0.00	99.4796	-18.8256	1	292.350006	292.660004
2020-02-05 17:04:30.985	0.00	99.6087	-18.8236	1	292.359985	292.649994
2020-02-05 17:04:31.933	0.00	99.6513	-18.8189	1	292.359985	292.660004
2020-02-05 17:04:32.867	0.00	99.5939	-18.8310	1	292.339996	292.660004
2020-02-05 17:04:33.812	0.00	99.6301	-18.8175	1	292.350006	292.649994
2020-02-05 17:04:34.757	0.00	99.5781	-18.8276	1	292.359985	292.660004
2020-02-05 17:04:35.682	0.00	99.6330	-18.8265	1	292.350006	292.640015
2020-02-05 17:04:36.649	0.00	99.5503	-18.8216	1	292.359985	292.660004
2020-02-05 17:04:37.575	0.00	99.5483	-18.8261	1	292.359985	292.660004
2020-02-05 17:04:38.547	0.00	99.6394	-18.8296	1	292.350006	292.660004
2020-02-05 17:04:39.480	0.00	99.5913	-18.8322	1	292.359985	292.649994
2020-02-05 17:04:40.419	0.00	99.6447	-18.8240	1	292.359985	292.660004
2020-02-05 17:04:41.360	0.00	99.6496	-18.8289	1	292.359985	292.660004
2020-02-05 17:04:42.298	0.00	99.5785	-18.8387	1	292.350006	292.649994
2020-02-05 17:04:43.223	0.00	99.6411	-18.8383	1	292.350006	292.660004
2020-02-05 17:04:44.154	0.00	99.5685	-18.8318	1	292.359985	292.649994
2020-02-05 17:04:45.094	0.00	99.6311	-18.8349	1	292.359985	292.640015
2020-02-05 17:04:46.034	0.00	99.6929	-18.8291	1	292.359985	292.660004
2020-02-05 17:04:46.972	0.00	99.7881	-18.8280	1	292.350006	292.649994
2020-02-05 17:04:47.912	0.00	99.9025	-18.8339	1	292.350006	292.649994
2020-02-05 17:04:48.846	0.00	99.8313	-18.8389	1	292.359985	292.660004
2020-02-05 17:04:49.786	0.00	99.9555	-18.8340	1	292.350006	292.649994
2020-02-05 17:04:50.737	0.00	99.8417	-18.8261	1	292.350006	292.660004
2020-02-05 17:04:51.662	0.00	99.9195	-18.8388	1	292.359985	292.649994
2020-02-05 17:04:52.604	0.00	99.9271	-18.8307	1	292.350006	292.649994
2020-02-05 17:04:53.537	0.00	99.9967	-18.8277	1	292.350006	292.660004
2020-02-05 17:04:54.464	0.00	99.9812	-18.8257	1	292.350006	292.649994
2020-02-05 17:04:55.420	0.00	99.8815	-18.8267	1	292.359985	292.670013
2020-02-05 17:04:56.334	0.00	99.9018	-18.8327	1	292.359985	292.660004
2020-02-05 17:04:57.293	0.00	99.8170	-18.8295	1	292.350006	292.660004
2020-02-05 17:04:58.248	0.00	99.8654	-18.8366	1	292.359985	292.649994
2020-02-05 17:04:59.175	0.00	99.7836	-18.8375	1	292.359985	292.660004
2020-02-05 17:05:00.109	0.00	99.7242	-18.8319	1	292.339996	292.660004
2020-02-05 17:05:01.069	0.00	99.7162	-18.8310	1	292.359985	292.640015
2020-02-05 17:05:01.998	0.00	99.6365	-18.8282	1	292.339996	292.649994
2020-02-05 17:05:02.926	0.00	99.6736	-18.8377	1	292.359985	292.660004
2020-02-05 17:05:03.869	0.00	99.6589	-18.8292	1	292.339996	292.660004
2020-02-05 17:05:04.814	0.00	99.6236	-18.8370	1	292.359985	292.649994
2020-02-05 17:05:05.778	0.00	99.6606	-18.8365	1	292.350006	292.640015
2020-02-05 17:05:06.707	0.00	99.5351	-18.8287	1	292.350006	292.660004
2020-02-05 17:05:07.608	0.00	99.5822	-18.8368	1	292.350006	292.649994
2020-02-05 17:05:08.586	0.00	99.5614	-18.8328	1	292.350006	292.660004
2020-02-05 17:05:09.551	0.00	99.5087	-18.8355	1	292.359985	292.649994
2020-02-05 17:05:10.488	0.00	99.6513	-18.8289	1	292.369995	292.660004
2020-02-05 17:05:11.375	0.00	99.6368	-18.8447	1	292.359985	292.640015
2020-02-05 17:05:12.343	0.00	99.7904	-18.8447	1	292.359985	292.660004
2020-02-05 17:05:13.277	0.00	99.6878	-18.8409	1	292.369995	292.649994
2020-02-05 17:05:14.237	0.00	99.6904	-18.8434	1	292.359985	292.649994
2020-02-05 17:05:15.157	0.00	99.5860	-18.8403	1	292.350006	292.660004
2020-02-05 17:05:16.096	0.00	99.5042	-18.8385	1	292.350006	292.640015
2020-02-05 17:05:17.022	0.00	99.4866	-18.8451	1	292.359985	292.649994
2020-02-05 17:05:17.965	0.00	99.4192	-18.8364	1	292.359985	292.649994
2020-02-05 17:05:18.916	0.00	99.5665	-18.8471	1	292.359985	292.660004
2020-02-05 17:05:19.852	0.00	99.4919	-18.8483	1	292.359985	292.640015
2020-02-05 17:05:20.757	0.00	99.5639	-18.8456	1	292.350006	292.670013
2020-02-05 17:05:21.719	0.00	99.4532	-18.8345	1	292.359985	292.660004
2020-02-05 17:05:22.641	0.00	99.4425	-18.8340	1	292.359985	292.649994
2020-02-05 17:05:23.600	0.00	99.5723	-18.8283	1	292.369995	292.649994
2020-02-05 17:05:24.524	0.00	99.4758	-18.8292	1	292.369995	292.649994
2020-02-05 17:05:25.459	0.00	99.6116	-18.8279	1	292.369995	292.670013
2020-02-05 17:05:26.419	0.00	99.5895	-18.8357	1	292.369995	292.670013
2020-02-05 17:05:27.380	0.00	99.6223	-18.8414	1	292.369995	292.649994
2020-02-05 17:05:28.290	0.00	99.6943	-18.8415	1	292.359985	292.660004
2020-02-05 17:05:29.233	0.00	99.6551	-18.8439	1	292.380005	292.660004
2020-02-05 17:05:30.166	0.00	99.8072	-18.8453	1	292.380005	292.649994
2020-02-05 17:05:31.126	0.00	99.8206	-18.8376	1	292.359985	292.660004
2020-02-05 17:05:32.066	0.00	99.9497	-18.8367	1	292.359985	292.660004
2020-02-05 17:05:33.022	0.00	99.9852	-18.8385	1	292.359985	292.660004
2020-02-05 17:05:33.948	0.00	99.8524	-18.8532	1	292.359985	292.649994
2020-02-05 17:05:34.897	0.00	99.9169	-18.8526	1	292.369995	292.670013
2020-02-05 17:05:35.851	0.00	99.8175	-18.8450	1	292.359985	292.660004
2020-02-05 17:05:36.791	0.00	99.6386	-18.8409	1	292.359985	292.660004
2020-02-05 17:05:37.736	0.00	99.7021	-18.8332	1	292.380005	292.660004
2020-02-05 17:05:38.666	0.00	99.6428	-18.8471	1	292.369995	292.660004
2020-02-05 17:05:39.649	0.00	99.7083	-18.8407	1	292.380005	292.649994
2020-02-05 17:05:40.549	0.00	99.8624	-18.8394	1	292.359985	292.649994
2020-02-05 17:05:41.489	0.00	99.8398	-18.8423	1	292.359985	292.649994
2020-02-05 17:05:42.433	0.00	99.9648	-18.8405	1	292.380005	292.660004
2020-02-05 17:05:43.380	0.00	99.9549	-18.8380	1	292.359985	292.670013
2020-02-05 17:05:44.333	0.00	99.9848	-18.8443	1	292.359985	292.660004
2020-02-05 17:05:45.252	0.00	100.0753	-18.8361	1	292.380005	292.660004
2020-02-05 17:05:46.199	0.00	100.0718	-18.8414	1	292.359985	292.660004
2020-02-05 17:05:47.144	0.00	100.2155	-18.8502	1	292.380005	292.649994
2020-02-05 17:05:48.090	0.00	100.1200	-18.8495	1	292.369995	292.640015
2020-02-05 17:05:49.018	0.00	100.2187	-18.8516	1	292.380005	292.640015
2020-02-05 17:05:49.968	0.00	100.1717	-18.8526	1	292.369995	292.649994
2020-02-05 17:05:50.913	0.00	100.0594	-18.8461	1	292.369995	292.649994
2020-02-05 17:05:51.820	0.00	100.0066	-18.8465	1	292.369995	292.640015
2020-02-05 17:05:52.784	0.00	99.8660	-18.8417	1	292.359985	292.660004
2020-02-05 17:05:53.716	0.00	99.8868	-18.8444	1	292.380005	292.660004
2020-02-05 17:05:54.669	0.00	99.8158	-18.8495	1	292.359985	292.660004
2020-02-05 17:05:55.591	0.00	99.8538	-18.8565	1	292.380005	292.660004
2020-02-05 17:05:56.531	0.00	99.9038	-18.8489	1	292.369995	292.660004
2020-02-05 17:05:57.458	0.00	99.8832	-18.8546	1	292.390015	292.660004
2020-02-05 17:05:58.427	0.00	100.0071	-18.8520	1	292.380005	292.660004
2020-02-05 17:05:59.363	0.00	99.8575	-18.8471	1	292.369995	292.649994
2020-02-05 17:06:00.289	0.00	99.9059	-18.8456	1	292.380005	292.649994
2020-02-05 17:06:01.212	0.00	99.9068	-18.8488	1	292.380005	292.660004
2020-02-05 17:06:02.168	0.00	99.9153	-18.8472	1	292.369995	292.670013
2020-02-05 17:06:03.103	0.00	99.8942	-18.8461	1	292.390015	292.640015
2020-02-05 17:06:04.069	0.00	99.8351	-18.8521	1	292.380005	292.649994
2020-02-05 17:06:04.965	0.00	99.9574	-18.8491	1	292.380005	292.649994
2020-02-05 17:06:05.914	0.00	99.8750	-18.8535	1	292.380005	292.660004
2020-02-05 17:06:06.876	0.00	99.9728	-18.8504	1	292.380005	292.660004
2020-02-05 17:06:07.791	0.00	99.9299	-18.8579	1	292.380005	292.649994
2020-02-05 17:06:08.748	0.00	99.8843	-18.8542	1	292.380005	292.649994
2020-02-05 17:06:09.698	0.00	99.9130	-18.8487	1	292.380005	292.660004
2020-02-05 17:06:10.636	0.00	99.8273	-18.8460	1	292.390015	292.649994
2020-02-05 17:06:11.585	0.00	99.7407	-18.8503	1	292.380005	292.649994
2020-02-05 17:06:12.504	0.00	99.6010	-18.8532	1	292.390015	292.649994
2020-02-05 17:06:13.440	0.00	99.6378	-18.8576	1	292.380005	292.649994
2020-02-05 17:06:14.392	0.00	99.6974	-18.8539	1	292.390015	292.640015
2020-02-05 17:06:15.318	0.00	99.6118	-18.8604	1	292.380005	292.660004
2020-02-05 17:06:16.259	0.00	99.6260	-18.8526	1	292.380005	292.660004
2020-02-05 17:06:17.163	0.00	99.4757	-18.8460	1	292.369995	292.660004
2020-02-05 17:06:18.142	0.00	99.5215	-18.8410	1	292.380005	292.660004
2020-02-05 17:06:19.087	0.00	99.4967	-18.8505	1	292.380005	292.649994
2020-02-05 17:06:19.999	0.00	99.3806	-18.8508	1	292.380005	292.649994
2020-02-05 17:06:20.956	0.00	99.4217	-18.8509	1	292.390015	292.670013
2020-02-05 17:06:21.920	0.00	99.3385	-18.8472	1	292.380005	292.649994
2020-02-05 17:06:22.862	0.00	99.4439	-18.8489	1	292.390015	292.660004
2020-02-05 17:06:23.794	0.00	99.4118	-18.8533	1	292.380005	292.649994
2020-02-05 17:06:24.717	0.00	99.3660	-18.8497	1	292.390015	292.660004
2020-02-05 17:06:25.673	0.00	99.5546	-18.8418	1	292.380005	292.649994
2020-02-05 17:06:26.618	0.00	99.5193	-18.8404	1	292.399994	292.640015
2020-02-05 17:06:27.551	0.00	99.5662	-18.8380	1	292.390015	292.640015
2020-02-05 17:06:28.503	0.00	99.5941	-18.8582	1	292.410004	292.660004
2020-02-05 17:06:29.444	0.00	99.4849	-18.8544	1	292.380005	292.649994
2020-02-05 17:06:30.403	0.00	99.4926	-18.8464	1	292.390015	292.649994
2020-02-05 17:06:31.321	0.00	99.4879	-18.8458	1	292.410004	292.649994
2020-02-05 17:06:32.256	0.00	99.6207	-18.8433	1	292.390015	292.649994
2020-02-05 17:06:33.210	0.00	99.6910	-18.8424	1	292.399994	292.640015
2020-02-05 17:06:34.146	0.00	99.6292	-18.8432	1	292.390015	292.649994
2020-02-05 17:06:35.087	0.00	99.6324	-18.8537	1	292.380005	292.640015
2020-02-05 17:06:36.037	0.00	99.4253	-18.8635	1	292.399994	292.649994
2020-02-05 17:06:36.970	0.00	99.4430	-18.8598	1	292.390015	292.640015
2020-02-05 17:06:37.918	0.00	99.2968	-18.8611	1	292.390015	292.660004
2020-02-05 17:06:38.844	0.00	99.2836	-18.8701	1	292.410004	292.649994
2020-02-05 17:06:39.789	0.00	99.2768	-18.8705	1	292.390015	292.649994
2020-02-05 17:06:40.746	0.00	99.1763	-18.8711	1	292.399994	292.660004
2020-02-05 17:06:41.672	0.00	99.2391	-18.8669	1	292.399994	292.660004
2020-02-05 17:06:42.622	0.00	99.1849	-18.8647	1	292.380005	292.649994
2020-02-05 17:06:43.546	0.00	99.2284	-18.8645	1	292.380005	292.640015
2020-02-05 17:06:44.509	0.00	99.2033	-18.8606	1	292.399994	292.640015
2020-02-05 17:06:45.434	0.00	99.1831	-18.8613	1	292.399994	292.649994
2020-02-05 17:06:46.377	0.00	99.2864	-18.8628	1	292.390015	292.649994
2020-02-05 17:06:47.344	0.00	99.2485	-18.8591	1	292.399994	292.649994
2020-02-05 17:06:48.257	0.00	99.2068	-18.8640	1	292.399994	292.649994
2020-02-05 17:06:49.179	0.00	99.1643	-18.8690	1	292.399994	292.649994
2020-02-05 17:06:50.138	0.00	99.0901	-18.8586	1	292.399994	292.660004
2020-02-05 17:06:51.089	0.00	99.2340	-18.8614	1	292.390015	292.660004
2020-02-05 17:06:52.045	0.00	99.2678	-18.8661	1	292.399994	292.649994
2020-02-05 17:06:52.958	0.00	99.3603	-18.8673	1	292.399994	292.640015
2020-02-05 17:06:53.937	0.00	99.5128	-18.8641	1	292.390015	292.640015
2020-02-05 17:06:54.867	0.00	99.5063	-18.8642	1	292.399994	292.649994
2020-02-05 17:06:55.791	0.00	99.5683	-18.8727	1	292.399994	292.649994
2020-02-05 17:06:56.743	0.00	99.4995	-18.8819	1	292.399994	292.660004
2020-02-05 17:06:57.681	0.00	99.4728	-18.8889	1	292.399994	292.649994
2020-02-05 17:06:58.603	0.00	99.5406	-18.8711	1	292.420013	292.649994
2020-02-05 17:06:59.563	0.00	99.4587	-18.8693	1	292.410004	292.640015
2020-02-05 17:07:00.493	0.00	99.4637	-18.8639	1	292.399994	292.649994
2020-02-05 17:07:01.427	0.00	99.3406	-18.8621	1	292.410004	292.649994
2020-02-05 17:07:02.354	0.00	99.3617	-18.8685	1	292.410004	292.649994
2020-02-05 17:07:03.299	0.00	99.2644	-18.8788	1	292.390015	292.660004
2020-02-05 17:07:04.228	0.00	99.3323	-18.8678	1	292.399994	292.649994
2020-02-05 17:07:05.184	0.00	99.2512	-18.8517	1	292.410004	292.649994
2020-02-05 17:07:06.104	0.00	99.2859	-18.8662	1	292.390015	292.660004
2020-02-05 17:07:07.050	0.00	99.2422	-18.8726	1	292.399994	292.660004
2020-02-05 17:07:07.979	0.00	99.1720	-18.8703	1	292.410004	292.649994
2020-02-05 17:07:08.917	0.00	99.2211	-18.8618	1	292.399994	292.660004
2020-02-05 17:07:09.877	0.00	99.1025	-18.8666	1	292.410004	292.660004
2020-02-05 17:07:10.783	0.00	99.1926	-18.8644	1	292.410004	292.649994
2020-02-05 17:07:11.739	0.00	99.1527	-18.8651	1	292.399994	292.660004
2020-02-05 17:07:12.662	0.00	99.1815	-18.8727	1	292.410004	292.640015
2020-02-05 17:07:13.619	0.00	99.2399	-18.8723	1	292.410004	292.660004
2020-02-05 17:07:14.574	0.00	99.2251	-18.8760	1	292.390015	292.649994
2020-02-05 17:07:15.498	0.00	99.3000	-18.8705	1	292.420013	292.649994
2020-02-05 17:07:16.450	0.00	99.2217	-18.8729	1	292.410004	292.649994
2020-02-05 17:07:17.389	0.00	99.2658	-18.8671	1	292.410004	292.649994
2020-02-05 17:07:18.331	0.00	99.1422	-18.8766	1	292.420013	292.640015
2020-02-05 17:07:19.241	0.00	99.0769	-18.8800	1	292.399994	292.660004
2020-02-05 17:07:20.196	0.00	99.0661	-18.8772	1	292.410004	292.660004
2020-02-05 17:07:21.129	0.00	98.9351	-18.8774	1	292.420013	292.640015
2020-02-05 17:07:22.096	0.00	98.9645	-18.8801	1	292.410004	292.640015
2020-02-05 17:07:23.022	0.00	98.8989	-18.8803	1	292.420013	292.640015
2020-02-05 17:07:23.966	0.00	98.9528	-18.8743	1	292.420013	292.649994
2020-02-05 17:07:24.907	0.00	99.0158	-18.8793	1	292.429993	292.649994
2020-02-05 17:07:25.842	0.00	98.8778	-18.8868	1	292.420013	292.649994
2020-02-05 17:07:26.768	0.00	98.9123	-18.8855	1	292.410004	292.649994
2020-02-05 17:07:27.705	0.00	98.8200	-18.8771	1	292.420013	292.660004
2020-02-05 17:07:28.646	0.00	98.8939	-18.8772	1	292.429993	292.640015
2020-02-05 17:07:29.599	0.00	98.8337	-18.8785	1	292.420013	292.649994
2020-02-05 17:07:30.514	0.00	98.9388	-18.8811	1	292.420013	292.640015
2020-02-05 17:07:31.474	0.00	98.9542	-18.8820	1	292.420013	292.640015
2020-02-05 17:07:32.404	0.00	98.8281	-18.8743	1	292.420013	292.640015
2020-02-05 17:07:33.344	0.00	98.9188	-18.8762	1	292.420013	292.649994
2020-02-05 17:07:34.313	0.00	98.8434	-18.8683	1	292.420013	292.649994
2020-02-05 17:07:35.214	0.00	98.9311	-18.8669	1	292.429993	292.649994
2020-02-05 17:07:36.145	0.00	98.7815	-18.8746	1	292.420013	292.649994
2020-02-05 17:07:37.118	0.00	98.8278	-18.8731	1	292.429993	292.640015
2020-02-05 17:07:38.030	0.00	98.7849	-18.8763	1	292.429993	292.660004
2020-02-05 17:07:38.987	0.00	98.6631	-18.8830	1	292.420013	292.640015
2020-02-05 17:07:39.932	0.00	98.6379	-18.8902	1	292.410004	292.640015
2020-02-05 17:07:40.868	0.00	98.5250	-18.8935	1	292.410004	292.649994
2020-02-05 17:07:41.793	0.00	98.5670	-18.8922	1	292.429993	292.640015
2020-02-05 17:07:42.747	0.00	98.6282	-18.8868	1	292.420013	292.649994
2020-02-05 17:07:43.685	0.00	98.6516	-18.8868	1	292.429993	292.640015
2020-02-05 17:07:44.623	0.00	98.6823	-18.8776	1	292.429993	292.649994
2020-02-05 17:07:45.543	0.00	98.5511	-18.8788	1	292.420013	292.660004
2020-02-05 17:07:46.481	0.00	98.6458	-18.8776	1	292.410004	292.660004
2020-02-05 17:07:47.409	0.00	98.6660	-18.8765	1	292.420013	292.649994
2020-02-05 17:07:48.371	0.00	98.7756	-18.8761	1	292.429993	292.649994
2020-02-05 17:07:49.329	0.00	98.7131	-18.8876	1	292.420013	292.649994
2020-02-05 17:07:50.243	0.00	98.6289	-18.8882	1	292.410004	292.660004
2020-02-05 17:07:51.200	0.00	98.7348	-18.8790	1	292.420013	292.640015
2020-02-05 17:07:52.140	0.00	98.7053	-18.8818	1	292.420013	292.640015
2020-02-05 17:07:53.089	0.00	98.8328	-18.8773	1	292.410004	292.660004
2020-02-05 17:07:54.024	0.00	98.8423	-18.8851	1	292.440002	292.660004
2020-02-05 17:07:54.954	0.00	98.7612	-18.8794	1	292.429993	292.649994
2020-02-05 17:07:55.892	0.00	98.6626	-18.8848	1	292.429993	292.649994
2020-02-05 17:07:56.832	0.00	98.5454	-18.8824	1	292.410004	292.649994
2020-02-05 17:07:57.749	0.00	98.6935	-18.8850	1	292.420013	292.660004
2020-02-05 17:07:58.712	0.00	98.6445	-18.8907	1	292.420013	292.649994
2020-02-05 17:07:59.648	0.00	98.6590	-18.8884	1	292.440002	292.660004
2020-02-05 17:08:00.587	0.00	98.6375	-18.8890	1	292.429993	292.660004
2020-02-05 17:08:01.539	0.00	98.5523	-18.8844	1	292.420013	292.640015
2020-02-05 17:08:02.488	0.00	98.6534	-18.8847	1	292.420013	292.649994
2020-02-05 17:08:03.438	0.00	98.5381	-18.8873	1	292.429993	292.649994
2020-02-05 17:08:04.360	0.00	98.4601	-18.8914	1	292.420013	292.649994
2020-02-05 17:08:05.296	0.00	98.4886	-18.8915	1	292.420013	292.660004
2020-02-05 17:08:06.249	0.00	98.5576	-18.8938	1	292.420013	292.660004
2020-02-05 17:08:07.180	0.00	98.6418	-18.8959	1	292.410004	292.640015
2020-02-05 17:08:08.148	0.00	98.5536	-18.8926	1	292.429993	292.640015
2020-02-05 17:08:09.085	0.00	98.6303	-18.8888	1	292.429993	292.660004
2020-02-05 17:08:10.005	0.00	98.7150	-18.8862	1	292.429993	292.649994
2020-02-05 17:08:10.957	0.00	98.6565	-18.8900	1	292.429993	292.660004
2020-02-05 17:08:11.895	0.00	98.7435	-18.8879	1	292.429993	292.640015
2020-02-05 17:08:12.862	0.00	98.6505	-18.8897	1	292.440002	292.660004
2020-02-05 17:08:13.778	0.00	98.8105	-18.8901	1	292.429993	292.649994
2020-02-05 17:08:14.734	0.00	98.9431	-18.8928	1	292.440002	292.649994
2020-02-05 17:08:15.687	0.00	98.9217	-18.8912	1	292.440002	292.640015
2020-02-05 17:08:16.626	0.00	99.0469	-18.8887	1	292.429993	292.649994
2020-02-05 17:08:17.586	0.00	98.9317	-18.8879	1	292.420013	292.649994
2020-02-05 17:08:18.498	0.00	98.8553	-18.8857	1	292.420013	292.649994
2020-02-05 17:08:19.437	0.00	98.8051	-18.8854	1	292.429993	292.649994
2020-02-05 17:08:20.360	0.00	98.6232	-18.8864	1	292.429993	292.649994
2020-02-05 17:08:21.331	0.00	98.6261	-18.8870	1	292.420013	292.649994
2020-02-05 17:08:22.257	0.00	98.5365	-18.8872	1	292.420013	292.660004
2020-02-05 17:08:23.179	0.00	98.6603	-18.8865	1	292.420013	292.660004
2020-02-05 17:08:24.101	0.00	98.5700	-18.8885	1	292.429993	292.649994
2020-02-05 17:08:25.069	0.00	98.6138	-18.8868	1	292.420013	292.660004
2020-02-05 17:08:26.002	0.00	98.6527	-18.8866	1	292.429993	292.640015
2020-02-05 17:08:26.950	0.00	98.5276	-18.8878	1	292.420013	292.649994
2020-02-05 17:08:27.901	0.00	98.5850	-18.8850	1	292.420013	292.649994
2020-02-05 17:08:28.829	0.00	98.4716	-18.8830	1	292.429993	292.649994
2020-02-05 17:08:29.788	0.00	98.5927	-18.8799	1	292.420013	292.649994
2020-02-05 17:08:30.678	0.00	98.6397	-18.8753	1	292.429993	292.660004
2020-02-05 17:08:31.660	0.00	98.6151	-18.8765	1	292.429993	292.640015
2020-02-05 17:08:32.608	0.00	98.6291	-18.8777	1	292.420013	292.640015
2020-02-05 17:08:33.533	0.00	98.4203	-18.8805	1	292.429993	292.649994
2020-02-05 17:08:34.498	0.00	98.4133	-18.8831	1	292.420013	292.660004
2020-02-05 17:08:35.423	0.00	98.3293	-18.8805	1	292.440002	292.649994
2020-02-05 17:08:36.386	0.00	98.2190	-18.8814	1	292.429993	292.640015
2020-02-05 17:08:37.307	0.00	98.3204	-18.8858	1	292.429993	292.640015
2020-02-05 17:08:38.232	0.00	98.2683	-18.8783	1	292.429993	292.649994
2020-02-05 17:08:39.195	0.00	98.2050	-18.8833	1	292.440002	292.660004
2020-02-05 17:08:40.141	0.00	98.1703	-18.8876	1	292.440002	292.649994
2020-02-05 17:08:41.093	0.00	98.1377	-18.8824	1	292.429993	292.649994
2020-02-05 17:08:42.018	0.00	98.0890	-18.8792	1	292.420013	292.660004
2020-02-05 17:08:42.959	0.00	97.9575	-18.8905	1	292.429993	292.640015
2020-02-05 17:08:43.905	0.00	97.9129	-18.8899	1	292.429993	292.649994
2020-02-05 17:08:44.838	0.00	97.8097	-18.8888	1	292.429993	292.640015
2020-02-05 17:08:45.778	0.00	97.8130	-18.8893	1	292.440002	292.640015
2020-02-05 17:08:46.707	0.00	97.8415	-18.8890	1	292.440002	292.649994
2020-02-05 17:08:47.665	0.00	97.7085	-18.8872	1	292.420013	292.649994
2020-02-05 17:08:48.614	0.00	97.7996	-18.8870	1	292.440002	292.640015
2020-02-05 17:08:49.531	0.00	97.8022	-18.8929	1	292.440002	292.649994
2020-02-05 17:08:50.486	0.00	97.7821	-18.8923	1	292.440002	292.640015
2020-02-05 17:08:51.437	0.00	97.8537	-18.8906	1	292.420013	292.649994
2020-02-05 17:08:52.371	0.00	97.7701	-18.8896	1	292.410004	292.640015
2020-02-05 17:08:53.309	0.00	97.7967	-18.8871	1	292.440002	292.640015
2020-02-05 17:08:54.239	0.00	97.6182	-18.8865	1	292.420013	292.640015
2020-02-05 17:08:55.133	0.00	97.6580	-18.8882	1	292.420013	292.640015
2020-02-05 17:08:56.130	0.00	97.6644	-18.8907	1	292.429993	292.640015
2020-02-05 17:08:57.046	0.00	97.6898	-18.8893	1	292.420013	292.640015
2020-02-05 17:08:57.997	0.00	97.6847	-18.8907	1	292.429993	292.649994
2020-02-05 17:08:58.931	0.00	97.6175	-18.8920	1	292.429993	292.640015
2020-02-05 17:08:59.882	0.00	97.7798	-18.8896	1	292.440002	292.649994
2020-02-05 17:09:00.843	0.00	97.7790	-18.8935	1	292.420013	292.640015
2020-02-05 17:09:01.766	0.00	97.7497	-18.8938	1	292.420013	292.640015
2020-02-05 17:09:02.721	0.00	97.7730	-18.8927	1	292.429993	292.649994
2020-02-05 17:09:03.647	0.00	97.5686	-18.8922	1	292.429993	292.660004
2020-02-05 17:09:04.601	0.00	97.5801	-18.8913	1	292.429993	292.649994
2020-02-05 17:09:05.534	0.00	97.5182	-18.8901	1	292.420013	292.640015
2020-02-05 17:09:06.484	0.00	97.5850	-18.8886	1	292.420013	292.649994
2020-02-05 17:09:07.409	0.00	97.7332	-18.8897	1	292.429993	292.640015
2020-02-05 17:09:08.374	0.00	97.6474	-18.8916	1	292.410004	292.640015
2020-02-05 17:09:09.333	0.00	97.6646	-18.8915	1	292.420013	292.649994
2020-02-05 17:09:10.254	0.00	97.6129	-18.8901	1	292.420013	292.649994
2020-02-05 17:09:11.190	0.00	97.5594	-18.8963	1	292.429993	292.640015
2020-02-05 17:09:12.144	0.00	97.6056	-18.8946	1	292.420013	292.640015
2020-02-05 17:09:13.092	0.00	97.5422	-18.8949	1	292.429993	292.649994
2020-02-05 17:09:14.038	0.00	97.6090	-18.8962	1	292.440002	292.649994
2020-02-05 17:09:14.964	0.00	97.5524	-18.8982	1	292.429993	292.649994
2020-02-05 17:09:15.897	0.00	97.4223	-18.8978	1	292.420013	292.640015
2020-02-05 17:09:16.849	0.00	97.5042	-18.8978	1	292.420013	292.649994
2020-02-05 17:09:17.779	0.00	97.4743	-18.8978	1	292.420013	292.640015
2020-02-05 17:09:18.723	0.00	97.5234	-18.9006	1	292.420013	292.660004
2020-02-05 17:09:19.664	0.00	97.5031	-18.9001	1	292.420013	292.640015
2020-02-05 17:09:20.589	0.00	97.5105	-18.9001	1	292.429993	292.649994
2020-02-05 17:09:21.554	0.00	97.4655	-18.8977	1	292.420013	292.649994
2020-02-05 17:09:22.474	0.00	97.3081	-18.8995	1	292.429993	292.660004
2020-02-05 17:09:23.419	0.00	97.3688	-18.8987	1	292.410004	292.640015
2020-02-05 17:09:24.354	0.00	97.3059	-18.9008	1	292.420013	292.640015
2020-02-05 17:09:25.285	0.00	97.3275	-18.9011	1	292.410004	292.649994
2020-02-05 17:09:26.240	0.00	97.2247	-18.9020	1	292.410004	292.649994
2020-02-05 17:09:27.165	0.00	97.1535	-18.8987	1	292.420013	292.660004
2020-02-05 17:09:28.118	0.00	97.1858	-18.9023	1	292.410004	292.660004
2020-02-05 17:09:29.063	0.00	97.2151	-18.9011	1	292.410004	292.649994
2020-02-05 17:09:29.991	0.00	97.3494	-18.8964	1	292.420013	292.660004
2020-02-05 17:09:30.920	0.00	97.2474	-18.9011	1	292.410004	292.630005
2020-02-05 17:09:31.872	0.00	97.2860	-18.9003	1	292.410004	292.649994
2020-02-05 17:09:32.808	0.00	97.3300	-18.8981	1	292.410004	292.649994
2020-02-05 17:09:33.776	0.00	97.3269	-18.8977	1	292.410004	292.649994
2020-02-05 17:09:34.695	0.00	97.4355	-18.8965	1	292.410004	292.640015
2020-02-05 17:09:35.641	0.00	97.3871	-18.9018	1	292.390015	292.640015
2020-02-05 17:09:36.595	0.00	97.4110	-18.9019	1	292.399994	292.640015
2020-02-05 17:09:37.534	0.00	97.4897	-18.9012	1	292.399994	292.649994
2020-02-05 17:09:38.488	0.00	97.4368	-18.8994	1	292.399994	292.640015
2020-02-05 17:09:39.403	0.00	97.6155	-18.8951	1	292.399994	292.649994
2020-02-05 17:09:40.364	0.00	97.6529	-18.8986	1	292.410004	292.640015
2020-02-05 17:09:41.304	0.00	97.6828	-18.8955	1	292.399994	292.660004
2020-02-05 17:09:42.232	0.00	97.7846	-18.8976	1	292.399994	292.640015
2020-02-05 17:09:43.192	0.00	97.7079	-18.8980	1	292.380005	292.640015
2020-02-05 17:09:44.110	0.00	97.8420	-18.8925	1	292.399994	292.649994
2020-02-05 17:09:45.066	0.00	97.7671	-18.8939	1	292.399994	292.649994
2020-02-05 17:09:46.017	0.00	97.6488	-18.8934	1	292.410004	292.660004
2020-02-05 17:09:46.954	0.00	97.6717	-18.8932	1	292.390015	292.649994
2020-02-05 17:09:47.891	0.00	97.6565	-18.8959	1	292.390015	292.640015
2020-02-05 17:09:48.830	0.00	97.7895	-18.8927	1	292.390015	292.649994
2020-02-05 17:09:49.800	0.00	97.8274	-18.8950	1	292.380005	292.660004
2020-02-05 17:09:50.718	0.00	97.8854	-18.8902	1	292.390015	292.649994
2020-02-05 17:09:51.645	0.00	97.9866	-18.8920	1	292.410004	292.649994
2020-02-05 17:09:52.587	0.00	97.9857	-18.8887	1	292.390015	292.649994
2020-02-05 17:09:53.548	0.00	98.1167	-18.8925	1	292.390015	292.649994
2020-02-05 17:09:54.493	0.00	98.1448	-18.8895	1	292.399994	292.660004
2020-02-05 17:09:55.431	0.00	98.1535	-18.8882	1	292.399994	292.640015
2020-02-05 17:09:56.388	0.00	98.2228	-18.8847	1	292.399994	292.660004
2020-02-05 17:09:57.320	0.00	98.0690	-18.8907	1	292.390015	292.640015
2020-02-05 17:09:58.253	0.00	98.0065	-18.8864	1	292.380005	292.649994
2020-02-05 17:09:59.217	0.00	97.9599	-18.8911	1	292.410004	292.640015
2020-02-05 17:10:00.131	0.00	97.8496	-18.8879	1	292.390015	292.649994
2020-02-05 17:10:01.087	0.00	97.9491	-18.8897	1	292.390015	292.640015
2020-02-05 17:10:02.029	0.00	97.8625	-18.8907	1	292.390015	292.649994
2020-02-05 17:10:02.977	0.00	97.8810	-18.8893	1	292.399994	292.649994
2020-02-05 17:10:03.931	0.00	97.8944	-18.8895	1	292.390015	292.640015
2020-02-05 17:10:04.857	0.00	97.8688	-18.8915	1	292.390015	292.660004
2020-02-05 17:10:05.824	0.00	98.0009	-18.8911	1	292.390015	292.640015
2020-02-05 17:10:06.740	0.00	97.8846	-18.8976	1	292.399994	292.649994
2020-02-05 17:10:07.685	0.00	97.9588	-18.8968	1	292.399994	292.660004
2020-02-05 17:10:08.637	0.00	97.9291	-18.8986	1	292.390015	292.640015
2020-02-05 17:10:09.573	0.00	97.7919	-18.8969	1	292.410004	292.660004
2020-02-05 17:10:10.526	0.00	97.8771	-18.8886	1	292.390015	292.649994
2020-02-05 17:10:11.447	0.00	97.8741	-18.8906	1	292.399994	292.649994
2020-02-05 17:10:12.381	0.00	97.9327	-18.8898	1	292.380005	292.660004
2020-02-05 17:10:13.343	0.00	97.9738	-18.8887	1	292.410004	292.660004
2020-02-05 17:10:14.221	0.00	97.9705	-18.8918	1	292.399994	292.649994
2020-02-05 17:10:15.230	0.00	97.9972	-18.8862	1	292.399994	292.649994
2020-02-05 17:10:16.152	0.00	97.9011	-18.8866	1	292.390015	292.649994
2020-02-05 17:10:17.087	0.00	97.9931	-18.8829	1	292.380005	292.649994
2020-02-05 17:10:18.029	0.00	98.0737	-18.8860	1	292.369995	292.660004
2020-02-05 17:10:18.988	0.00	98.0245	-18.8833	1	292.380005	292.640015
2020-02-05 17:10:19.940	0.00	98.1865	-18.8873	1	292.380005	292.649994
2020-02-05 17:10:20.856	0.00	98.1159	-18.8883	1	292.380005	292.649994
2020-02-05 17:10:21.794	0.00	98.1196	-18.8832	1	292.380005	292.640015
2020-02-05 17:10:22.746	0.00	97.9897	-18.8897	1	292.380005	292.660004
2020-02-05 17:10:23.684	0.00	97.8769	-18.8935	1	292.390015	292.660004
2020-02-05 17:10:24.644	0.00	97.9615	-18.8936	1	292.390015	292.660004
2020-02-05 17:10:25.555	0.00	97.9145	-18.8906	1	292.369995	292.660004
2020-02-05 17:10:26.510	0.00	98.0512	-18.8873	1	292.380005	292.649994
2020-02-05 17:10:27.445	0.00	98.0327	-18.8890	1	292.380005	292.640015
2020-02-05 17:10:28.399	0.00	98.0105	-18.8905	1	292.380005	292.660004
2020-02-05 17:10:29.346	0.00	98.0095	-18.8917	1	292.380005	292.649994
2020-02-05 17:10:30.272	0.00	97.9410	-18.8962	1	292.380005	292.660004
2020-02-05 17:10:31.227	0.00	98.0441	-18.8964	1	292.380005	292.649994
2020-02-05 17:10:32.155	0.00	98.0318	-18.8972	1	292.390015	292.640015
2020-02-05 17:10:33.083	0.00	98.1099	-18.8968	1	292.380005	292.649994
2020-02-05 17:10:34.022	0.00	98.2010	-18.8992	1	292.380005	292.649994
2020-02-05 17:10:34.975	0.00	98.1863	-18.8977	1	292.390015	292.649994
2020-02-05 17:10:35.900	0.00	98.3716	-18.8945	1	292.380005	292.640015
2020-02-05 17:10:36.882	0.00	98.3375	-18.9005	1	292.390015	292.660004
2020-02-05 17:10:37.793	0.00	98.4166	-18.8966	1	292.380005	292.649994
2020-02-05 17:10:38.748	0.00	98.5422	-18.8968	1	292.380005	292.649994
2020-02-05 17:10:39.676	0.00	98.5030	-18.8845	1	292.380005	292.640015
2020-02-05 17:10:40.617	0.00	98.6012	-18.8861	1	292.390015	292.660004
2020-02-05 17:10:41.577	0.00	98.5129	-18.8863	1	292.399994	292.660004
2020-02-05 17:10:42.495	0.00	98.5789	-18.8847	1	292.380005	292.640015
2020-02-05 17:10:43.451	0.00	98.5592	-18.8981	1	292.380005	292.640015
2020-02-05 17:10:44.393	0.00	98.4375	-18.8889	1	292.390015	292.649994
2020-02-05 17:10:45.341	0.00	98.4945	-18.8921	1	292.380005	292.640015
2020-02-05 17:10:46.281	0.00	98.4816	-18.8922	1	292.380005	292.649994
2020-02-05 17:10:47.218	0.00	98.5442	-18.8946	1	292.369995	292.640015
2020-02-05 17:10:48.173	0.00	98.6035	-18.8920	1	292.380005	292.640015
2020-02-05 17:10:49.085	0.00	98.6818	-18.8947	1	292.380005	292.649994
2020-02-05 17:10:50.036	0.00	98.7724	-18.8805	1	292.380005	292.630005
2020-02-05 17:10:50.965	0.00	98.6908	-18.8858	1	292.369995	292.640015
2020-02-05 17:10:51.899	0.00	98.8024	-18.8903	1	292.359985	292.660004
2020-02-05 17:10:52.857	0.00	98.7447	-18.8914	1	292.380005	292.640015
2020-02-05 17:10:53.786	0.00	98.7904	-18.8870	1	292.380005	292.640015
2020-02-05 17:10:54.700	0.00	98.7323	-18.8922	1	292.369995	292.640015
2020-02-05 17:10:55.638	0.00	98.7376	-18.8844	1	292.369995	292.649994
2020-02-05 17:10:56.590	0.00	98.7393	-18.8910	1	292.380005	292.660004
2020-02-05 17:10:57.521	0.00	98.6913	-18.8826	1	292.369995	292.649994
2020-02-05 17:10:58.448	0.00	98.8152	-18.8806	1	292.380005	292.649994
2020-02-05 17:10:59.387	0.00	98.7382	-18.8840	1	292.359985	292.640015
2020-02-05 17:11:00.370	0.00	98.9072	-18.8772	1	292.369995	292.640015
2020-02-05 17:11:01.289	0.00	98.8793	-18.8739	1	292.359985	292.649994
2020-02-05 17:11:02.215	0.00	98.8582	-18.8698	1	292.359985	292.660004
2020-02-05 17:11:03.156	0.00	98.9437	-18.8737	1	292.380005	292.660004
2020-02-05 17:11:04.108	0.00	98.8724	-18.8686	1	292.380005	292.660004
2020-02-05 17:11:05.051	0.00	98.8819	-18.8759	1	292.380005	292.660004
2020-02-05 17:11:06.005	0.00	98.8286	-18.8821	1	292.399994	292.649994
2020-02-05 17:11:06.929	0.00	98.7492	-18.8819	1	292.359985	292.649994
2020-02-05 17:11:07.870	0.00	98.7292	-18.8829	1	292.380005	292.640015
2020-02-05 17:11:08.800	0.00	98.5509	-18.8736	1	292.359985	292.640015
2020-02-05 17:11:09.766	0.00	98.4748	-18.8776	1	292.359985	292.640015
2020-02-05 17:11:10.707	0.00	98.4813	-18.8825	1	292.380005	292.649994
2020-02-05 17:11:11.635	0.00	98.4674	-18.8793	1	292.380005	292.660004
2020-02-05 17:11:12.576	0.00	98.6010	-18.8822	1	292.380005	292.649994
2020-02-05 17:11:13.520	0.00	98.5319	-18.8785	1	292.390015	292.660004
2020-02-05 17:11:14.448	0.00	98.6335	-18.8761	1	292.380005	292.649994
2020-02-05 17:11:15.423	0.00	98.6447	-18.8735	1	292.369995	292.660004
2020-02-05 17:11:16.344	0.00	98.5918	-18.8731	1	292.369995	292.660004
2020-02-05 17:11:17.278	0.00	98.5842	-18.8869	1	292.369995	292.660004
2020-02-05 17:11:18.226	0.00	98.3628	-18.8765	1	292.369995	292.640015
2020-02-05 17:11:19.185	0.00	98.4315	-18.8757	1	292.369995	292.640015
2020-02-05 17:11:20.136	0.00	98.3943	-18.8869	1	292.369995	292.649994
2020-02-05 17:11:21.049	0.00	98.4652	-18.8857	1	292.369995	292.660004
2020-02-05 17:11:21.992	0.00	98.5980	-18.8799	1	292.359985	292.660004
2020-02-05 17:11:22.926	0.00	98.5582	-18.8782	1	292.380005	292.640015
2020-02-05 17:11:23.881	0.00	98.6579	-18.8672	1	292.369995	292.649994
2020-02-05 17:11:24.842	0.00	98.6823	-18.8691	1	292.380005	292.649994
2020-02-05 17:11:25.759	0.00	98.6782	-18.8770	1	292.380005	292.649994
2020-02-05 17:11:26.735	0.00	98.7459	-18.8768	1	292.380005	292.640015
2020-02-05 17:11:27.658	0.00	98.6164	-18.8776	1	292.380005	292.660004
2020-02-05 17:11:28.597	0.00	98.6803	-18.8684	1	292.369995	292.640015
2020-02-05 17:11:29.549	0.00	98.5289	-18.8690	1	292.390015	292.649994
2020-02-05 17:11:30.488	0.00	98.4484	-18.8729	1	292.380005	292.640015
2020-02-05 17:11:31.411	0.00	98.4369	-18.8770	1	292.359985	292.660004
2020-02-05 17:11:32.371	0.00	98.2855	-18.8887	1	292.369995	292.649994
2020-02-05 17:11:33.307	0.00	98.3053	-18.8884	1	292.359985	292.649994
2020-02-05 17:11:34.238	0.00	98.1987	-18.8839	1	292.380005	292.640015
2020-02-05 17:11:35.176	0.00	98.1166	-18.8875	1	292.369995	292.660004
2020-02-05 17:11:36.127	0.00	98.1066	-18.8813	1	292.369995	292.649994
2020-02-05 17:11:37.081	0.00	98.0769	-18.8828	1	292.369995	292.660004
2020-02-05 17:11:38.018	0.00	98.1848	-18.8837	1	292.380005	292.640015
2020-02-05 17:11:38.962	0.00	98.1628	-18.8792	1	292.369995	292.649994
2020-02-05 17:11:39.873	0.00	98.2195	-18.8816	1	292.380005	292.660004
2020-02-05 17:11:40.852	0.00	98.4032	-18.8857	1	292.390015	292.640015
2020-02-05 17:11:41.780	0.00	98.4214	-18.8819	1	292.380005	292.660004
2020-02-05 17:11:42.722	0.00	98.5017	-18.8835	1	292.369995	292.649994
2020-02-05 17:11:43.676	0.00	98.3976	-18.8817	1	292.390015	292.649994
2020-02-05 17:11:44.599	0.00	98.3734	-18.8762	1	292.380005	292.649994
2020-02-05 17:11:45.572	0.00	98.4684	-18.8807	1	292.380005	292.640015
2020-02-05 17:11:46.484	0.00	98.4269	-18.8778	1	292.390015	292.640015
2020-02-05 17:11:47.442	0.00	98.5069	-18.8702	1	292.380005	292.649994
2020-02-05 17:11:48.371	0.00	98.5619	-18.8696	1	292.380005	292.640015
2020-02-05 17:11:49.330	0.00	98.5427	-18.8755	1	292.380005	292.640015
2020-02-05 17:11:50.281	0.00	98.6233	-18.8844	1	292.390015	292.660004
2020-02-05 17:11:51.213	0.00	98.4977	-18.8796	1	292.390015	292.649994
2020-02-05 17:11:52.159	0.00	98.4756	-18.8882	1	292.380005	292.649994
2020-02-05 17:11:53.084	0.00	98.4987	-18.8793	1	292.380005	292.640015
2020-02-05 17:11:54.026	0.00	98.3618	-18.8690	1	292.390015	292.640015
2020-02-05 17:11:55.000	0.00	98.4639	-18.8733	1	292.380005	292.649994
2020-02-05 17:11:55.907	0.00	98.3938	-18.8789	1	292.380005	292.649994
2020-02-05 17:11:56.867	0.00	98.4909	-18.8761	1	292.380005	292.660004
2020-02-05 17:11:57.795	0.00	98.5383	-18.8721	1	292.390015	292.640015
2020-02-05 17:11:58.734	0.00	98.6001	-18.8642	1	292.390015	292.649994
2020-02-05 17:11:59.680	0.00	98.6477	-18.8671	1	292.380005	292.640015
2020-02-05 17:12:00.601	0.00	98.5915	-18.8561	1	292.380005	292.649994
2020-02-05 17:12:01.545	0.00	98.6713	-18.8596	1	292.380005	292.660004
2020-02-05 17:12:02.491	0.00	98.6515	-18.8682	1	292.380005	292.640015
2020-02-05 17:12:03.430	0.00	98.7102	-18.8661	1	292.390015	292.649994
2020-02-05 17:12:04.390	0.00	98.7656	-18.8675	1	292.410004	292.640015
2020-02-05 17:12:05.303	0.00	98.6886	-18.8718	1	292.380005	292.649994
2020-02-05 17:12:06.248	0.00	98.7215	-18.8645	1	292.390015	292.640015
2020-02-05 17:12:07.214	0.00	98.6273	-18.8764	1	292.399994	292.660004
2020-02-05 17:12:08.154	0.00	98.5416	-18.8689	1	292.390015	292.649994
2020-02-05 17:12:09.105	0.00	98.6294	-18.8744	1	292.390015	292.660004
2020-02-05 17:12:10.037	0.00	98.4628	-18.8738	1	292.390015	292.640015
2020-02-05 17:12:10.983	0.00	98.5153	-18.8794	1	292.399994	292.660004
2020-02-05 17:12:11.902	0.00	98.5380	-18.8727	1	292.399994	292.649994
2020-02-05 17:12:12.852	0.00	98.5805	-18.8749	1	292.390015	292.660004
2020-02-05 17:12:13.814	0.00	98.6862	-18.8699	1	292.380005	292.649994
2020-02-05 17:12:14.725	0.00	98.6124	-18.8783	1	292.390015	292.640015
2020-02-05 17:12:15.688	0.00	98.6502	-18.8771	1	292.390015	292.660004
2020-02-05 17:12:16.630	0.00	98.5988	-18.8766	1	292.390015	292.649994
2020-02-05 17:12:17.590	0.00	98.5872	-18.8775	1	292.390015	292.630005
2020-02-05 17:12:18.542	0.00	98.6890	-18.8756	1	292.390015	292.649994
2020-02-05 17:12:19.461	0.00	98.6847	-18.8686	1	292.399994	292.660004
2020-02-05 17:12:20.413	0.00	98.7635	-18.8661	1	292.399994	292.649994
2020-02-05 17:12:21.344	0.00	98.7105	-18.8691	1	292.380005	292.640015
2020-02-05 17:12:22.276	0.00	98.6423	-18.8635	1	292.399994	292.660004
2020-02-05 17:12:23.177	0.00	98.6689	-18.8685	1	292.410004	292.660004
2020-02-05 17:12:24.134	0.00	98.5994	-18.8532	1	292.399994	292.649994
2020-02-05 17:12:25.079	0.00	98.6632	-18.8643	1	292.399994	292.649994
2020-02-05 17:12:26.019	0.00	98.5229	-18.8601	1	292.420013	292.660004
2020-02-05 17:12:26.952	0.00	98.6146	-18.8589	1	292.410004	292.660004
2020-02-05 17:12:27.878	0.00	98.5527	-18.8575	1	292.420013	292.660004
2020-02-05 17:12:28.832	0.00	98.5993	-18.8494	1	292.410004	292.649994
2020-02-05 17:12:29.766	0.00	98.6353	-18.8624	1	292.410004	292.660004
2020-02-05 17:12:30.707	0.00	98.5146	-18.8593	1	292.399994	292.640015
2020-02-05 17:12:31.657	0.00	98.5563	-18.8590	1	292.410004	292.640015
2020-02-05 17:12:32.574	0.00	98.4795	-18.8618	1	292.420013	292.649994
2020-02-05 17:12:33.538	0.00	98.5111	-18.8467	1	292.420013	292.649994
2020-02-05 17:12:34.475	0.00	98.5592	-18.8564	1	292.410004	292.660004
2020-02-05 17:12:35.415	0.00	98.5575	-18.8560	1	292.410004	292.649994
2020-02-05 17:12:36.342	0.00	98.6697	-18.8535	1	292.420013	292.640015
2020-02-05 17:12:37.303	0.00	98.6422	-18.8504	1	292.410004	292.640015
2020-02-05 17:12:38.220	0.00	98.7503	-18.8439	1	292.399994	292.660004
2020-02-05 17:12:39.190	0.00	98.6831	-18.8514	1	292.410004	292.649994
2020-02-05 17:12:40.098	0.00	98.6834	-18.8482	1	292.420013	292.660004
2020-02-05 17:12:41.055	0.00	98.7567	-18.8482	1	292.420013	292.660004
2020-02-05 17:12:41.974	0.00	98.7912	-18.8512	1	292.410004	292.660004
2020-02-05 17:12:42.905	0.00	98.8304	-18.8459	1	292.410004	292.660004
2020-02-05 17:12:43.886	0.00	98.6691	-18.8483	1	292.410004	292.640015
2020-02-05 17:12:44.767	0.00	98.6613	-18.8511	1	292.410004	292.660004
2020-02-05 17:12:45.740	0.00	98.5820	-18.8517	1	292.410004	292.649994
2020-02-05 17:12:46.683	0.00	98.4771	-18.8555	1	292.420013	292.660004
2020-02-05 17:12:47.610	0.00	98.4884	-18.8576	1	292.420013	292.640015
2020-02-05 17:12:48.563	0.00	98.3794	-18.8523	1	292.420013	292.640015
2020-02-05 17:12:49.519	0.00	98.4615	-18.8497	1	292.410004	292.649994
2020-02-05 17:12:50.469	0.00	98.4207	-18.8526	1	292.420013	292.660004
2020-02-05 17:12:51.364	0.00	98.3275	-18.8482	1	292.420013	292.640015
2020-02-05 17:12:52.320	0.00	98.3967	-18.8550	1	292.410004	292.649994
2020-02-05 17:12:53.245	0.00	98.3389	-18.8525	1	292.420013	292.640015
2020-02-05 17:12:54.209	0.00	98.3756	-18.8501	1	292.420013	292.640015
2020-02-05 17:12:55.160	0.00	98.2874	-18.8513	1	292.410004	292.640015
2020-02-05 17:12:56.089	0.00	98.3327	-18.8517	1	292.429993	292.660004
2020-02-05 17:12:57.029	0.00	98.4057	-18.8499	1	292.429993	292.660004
2020-02-05 17:12:57.974	0.00	98.3584	-18.8522	1	292.410004	292.670013
2020-02-05 17:12:58.920	0.00	98.4736	-18.8529	1	292.420013	292.660004
2020-02-05 17:12:59.891	0.00	98.4832	-18.8555	1	292.420013	292.649994
2020-02-05 17:13:00.811	0.00	98.4513	-18.8520	1	292.420013	292.649994
2020-02-05 17:13:01.724	0.00	98.4729	-18.8511	1	292.429993	292.660004
2020-02-05 17:13:02.673	0.00	98.3526	-18.8486	1	292.420013	292.660004
2020-02-05 17:13:03.605	0.00	98.4455	-18.8532	1	292.420013	292.640015
2020-02-05 17:13:04.557	0.00	98.4587	-18.8530	1	292.440002	292.660004
2020-02-05 17:13:05.506	0.00	98.5717	-18.8455	1	292.420013	292.660004
2020-02-05 17:13:06.439	0.00	98.6007	-18.8437	1	292.420013	292.649994
2020-02-05 17:13:07.384	0.00	98.5425	-18.8536	1	292.420013	292.649994
2020-02-05 17:13:08.308	0.00	98.5760	-18.8432	1	292.410004	292.660004
2020-02-05 17:13:09.249	0.00	98.5062	-18.8436	1	292.429993	292.649994
2020-02-05 17:13:10.210	0.00	98.5228	-18.8396	1	292.420013	292.660004
2020-02-05 17:13:11.139	0.00	98.4297	-18.8432	1	292.410004	292.649994
2020-02-05 17:13:12.108	0.00	98.3011	-18.8482	1	292.429993	292.649994
2020-02-05 17:13:13.022	0.00	98.3286	-18.8374	1	292.429993	292.660004
2020-02-05 17:13:13.972	0.00	98.1980	-18.8367	1	292.429993	292.649994
2020-02-05 17:13:14.920	0.00	98.2097	-18.8410	1	292.429993	292.660004
2020-02-05 17:13:15.851	0.00	98.1925	-18.8360	1	292.440002	292.649994
2020-02-05 17:13:16.811	0.00	98.1928	-18.8387	1	292.429993	292.660004
2020-02-05 17:13:17.745	0.00	98.2718	-18.8438	1	292.429993	292.660004
2020-02-05 17:13:18.718	0.00	98.2420	-18.8341	1	292.450012	292.649994
2020-02-05 17:13:19.628	0.00	98.2849	-18.8342	1	292.420013	292.660004
2020-02-05 17:13:20.570	0.00	98.2882	-18.8328	1	292.420013	292.660004
2020-02-05 17:13:21.513	0.00	98.1665	-18.8365	1	292.429993	292.649994
2020-02-05 17:13:22.446	0.00	98.2177	-18.8324	1	292.429993	292.640015
2020-02-05 17:13:23.402	0.00	98.1197	-18.8363	1	292.420013	292.649994
2020-02-05 17:13:24.329	0.00	98.1104	-18.8385	1	292.429993	292.660004
2020-02-05 17:13:25.263	0.00	98.0033	-18.8383	1	292.429993	292.649994
2020-02-05 17:13:26.213	0.00	98.0472	-18.8385	1	292.429993	292.660004
2020-02-05 17:13:27.156	0.00	98.1824	-18.8428	1	292.440002	292.660004
2020-02-05 17:13:28.096	0.00	98.1148	-18.8435	1	292.429993	292.649994
2020-02-05 17:13:29.032	0.00	98.2477	-18.8392	1	292.440002	292.660004
2020-02-05 17:13:29.967	0.00	98.2313	-18.8392	1	292.429993	292.660004
2020-02-05 17:13:30.935	0.00	98.3789	-18.8405	1	292.440002	292.649994
2020-02-05 17:13:31.847	0.00	98.4214	-18.8366	1	292.440002	292.649994
2020-02-05 17:13:32.791	0.00	98.3487	-18.8482	1	292.429993	292.660004
2020-02-05 17:13:33.736	0.00	98.4338	-18.8376	1	292.440002	292.649994
2020-02-05 17:13:34.672	0.00	98.3943	-18.8426	1	292.440002	292.660004
2020-02-05 17:13:35.642	0.00	98.3754	-18.8381	1	292.440002	292.640015
2020-02-05 17:13:36.551	0.00	98.4076	-18.8406	1	292.429993	292.660004
2020-02-05 17:13:37.513	0.00	98.3843	-18.8443	1	292.429993	292.660004
2020-02-05 17:13:38.457	0.00	98.4831	-18.8405	1	292.429993	292.649994
2020-02-05 17:13:39.397	0.00	98.4743	-18.8446	1	292.440002	292.649994
2020-02-05 17:13:40.334	0.00	98.4756	-18.8458	1	292.420013	292.649994
2020-02-05 17:13:41.274	0.00	98.5219	-18.8495	1	292.429993	292.640015
2020-02-05 17:13:42.212	0.00	98.4327	-18.8442	1	292.429993	292.649994
2020-02-05 17:13:43.139	0.00	98.5390	-18.8350	1	292.429993	292.660004
2020-02-05 17:13:44.081	0.00	98.4604	-18.8371	1	292.429993	292.649994
2020-02-05 17:13:45.046	0.00	98.5300	-18.8365	1	292.440002	292.660004
2020-02-05 17:13:45.958	0.00	98.4046	-18.8441	1	292.440002	292.649994
2020-02-05 17:13:46.889	0.00	98.4203	-18.8369	1	292.440002	292.649994
2020-02-05 17:13:47.824	0.00	98.3213	-18.8501	1	292.440002	292.649994
2020-02-05 17:13:48.757	0.00	98.2712	-18.8444	1	292.440002	292.640015
2020-02-05 17:13:49.685	0.00	98.2946	-18.8379	1	292.420013	292.640015
2020-02-05 17:13:50.618	0.00	98.3037	-18.8378	1	292.440002	292.649994
2020-02-05 17:13:51.551	0.00	98.3241	-18.8344	1	292.440002	292.649994
2020-02-05 17:13:52.513	0.00	98.1243	-18.8262	1	292.429993	292.649994
2020-02-05 17:13:53.433	0.00	98.1471	-18.8288	1	292.440002	292.660004
2020-02-05 17:13:54.377	0.00	98.0916	-18.8272	1	292.429993	292.649994
2020-02-05 17:13:55.300	0.00	98.2079	-18.8307	1	292.429993	292.660004
2020-02-05 17:13:56.242	0.00	98.1237	-18.8370	1	292.440002	292.660004
2020-02-05 17:13:57.154	0.00	98.1446	-18.8359	1	292.429993	292.649994
2020-02-05 17:13:58.104	0.00	98.1251	-18.8377	1	292.420013	292.649994
2020-02-05 17:13:59.080	0.00	97.9600	-18.8429	1	292.440002	292.649994
2020-02-05 17:13:59.991	0.00	97.9844	-18.8460	1	292.429993	292.640015
2020-02-05 17:14:00.944	0.00	97.8871	-18.8539	1	292.429993	292.649994
2020-02-05 17:14:01.894	0.00	97.9741	-18.8507	1	292.429993	292.640015
2020-02-05 17:14:02.819	0.00	97.9336	-18.8508	1	292.450012	292.640015
2020-02-05 17:14:03.718	0.00	97.8671	-18.8505	1	292.440002	292.649994
2020-02-05 17:14:04.685	0.00	97.9668	-18.8484	1	292.440002	292.640015
2020-02-05 17:14:05.629	0.00	97.8237	-18.8528	1	292.440002	292.649994
2020-02-05 17:14:06.582	0.00	97.8238	-18.8552	1	292.420013	292.649994
2020-02-05 17:14:07.510	0.00	97.6907	-18.8534	1	292.420013	292.640015
2020-02-05 17:14:08.468	0.00	97.6693	-18.8451	1	292.440002	292.649994
2020-02-05 17:14:09.396	0.00	97.6878	-18.8410	1	292.420013	292.640015
2020-02-05 17:14:10.317	0.00	97.6567	-18.8458	1	292.440002	292.649994
2020-02-05 17:14:11.281	0.00	97.7680	-18.8403	1	292.429993	292.660004
2020-02-05 17:14:12.234	0.00	97.7871	-18.8410	1	292.420013	292.660004
2020-02-05 17:14:13.182	0.00	97.8174	-18.8472	1	292.429993	292.649994
2020-02-05 17:14:14.102	0.00	97.9397	-18.8456	1	292.420013	292.649994
2020-02-05 17:14:15.036	0.00	97.9021	-18.8480	1	292.429993	292.640015
2020-02-05 17:14:15.994	0.00	97.9807	-18.8490	1	292.440002	292.640015
2020-02-05 17:14:16.939	0.00	97.9580	-18.8475	1	292.420013	292.649994
2020-02-05 17:14:17.866	0.00	97.9615	-18.8432	1	292.440002	292.640015
2020-02-05 17:14:18.805	0.00	97.9918	-18.8362	1	292.429993	292.640015
2020-02-05 17:14:19.758	0.00	97.9529	-18.8329	1	292.440002	292.649994
2020-02-05 17:14:20.711	0.00	98.1107	-18.8326	1	292.450012	292.640015
2020-02-05 17:14:21.617	0.00	98.0202	-18.8336	1	292.440002	292.640015
2020-02-05 17:14:22.578	0.00	98.1153	-18.8345	1	292.440002	292.649994
2020-02-05 17:14:23.512	0.00	98.1311	-18.8392	1	292.450012	292.660004
2020-02-05 17:14:24.448	0.00	98.1557	-18.8357	1	292.450012	292.640015
2020-02-05 17:14:25.389	0.00	98.1934	-18.8410	1	292.429993	292.640015
2020-02-05 17:14:26.328	0.00	98.0942	-18.8383	1	292.429993	292.649994
2020-02-05 17:14:27.266	0.00	98.1322	-18.8380	1	292.450012	292.649994
2020-02-05 17:14:28.211	0.00	98.0030	-18.8363	1	292.420013	292.640015
2020-02-05 17:14:29.142	0.00	97.8737	-18.8400	1	292.440002	292.640015
2020-02-05 17:14:30.082	0.00	97.9248	-18.8357	1	292.429993	292.649994
2020-02-05 17:14:31.023	0.00	97.9383	-18.8365	1	292.440002	292.649994
2020-02-05 17:14:31.948	0.00	98.0892	-18.8281	1	292.440002	292.640015
2020-02-05 17:14:32.900	0.00	98.0833	-18.8265	1	292.440002	292.640015
2020-02-05 17:14:33.857	0.00	98.1969	-18.8302	1	292.440002	292.640015
2020-02-05 17:14:34.796	0.00	98.1598	-18.8282	1	292.450012	292.649994
2020-02-05 17:14:35.712	0.00	98.0519	-18.8330	1	292.440002	292.640015
2020-02-05 17:14:36.669	0.00	98.0668	-18.8385	1	292.429993	292.649994
2020-02-05 17:14:37.636	0.00	97.8985	-18.8434	1	292.440002	292.660004
2020-02-05 17:14:38.574	0.00	97.8790	-18.8402	1	292.440002	292.640015
2020-02-05 17:14:39.497	0.00	97.9595	-18.8325	1	292.440002	292.649994
2020-02-05 17:14:40.438	0.00	97.9863	-18.8343	1	292.440002	292.660004
2020-02-05 17:14:41.372	0.00	98.1136	-18.8329	1	292.440002	292.640015
2020-02-05 17:14:42.334	0.00	98.0287	-18.8306	1	292.429993	292.649994
2020-02-05 17:14:43.261	0.00	98.1161	-18.8326	1	292.429993	292.640015
2020-02-05 17:14:44.233	0.00	98.1511	-18.8262	1	292.440002	292.649994
2020-02-05 17:14:45.145	0.00	98.1447	-18.8289	1	292.440002	292.660004
2020-02-05 17:14:46.088	0.00	98.2462	-18.8323	1	292.440002	292.640015
2020-02-05 17:14:47.033	0.00	98.1751	-18.8350	1	292.429993	292.649994
2020-02-05 17:14:47.983	0.00	98.1771	-18.8271	1	292.440002	292.649994
2020-02-05 17:14:48.921	0.00	98.1882	-18.8327	1	292.440002	292.649994
2020-02-05 17:14:49.891	0.00	98.1141	-18.8372	1	292.450012	292.660004
2020-02-05 17:14:50.820	0.00	98.1051	-18.8378	1	292.440002	292.649994
2020-02-05 17:14:51.761	0.00	98.0198	-18.8366	1	292.440002	292.649994
2020-02-05 17:14:52.700	0.00	97.9140	-18.8342	1	292.450012	292.649994
2020-02-05 17:14:53.650	0.00	97.9646	-18.8376	1	292.440002	292.670013
2020-02-05 17:14:54.563	0.00	97.8666	-18.8388	1	292.440002	292.640015
2020-02-05 17:14:55.506	0.00	97.9261	-18.8403	1	292.440002	292.640015
2020-02-05 17:14:56.445	0.00	97.7322	-18.8347	1	292.440002	292.660004
2020-02-05 17:14:57.390	0.00	97.7559	-18.8423	1	292.440002	292.649994
2020-02-05 17:14:58.326	0.00	97.6914	-18.8435	1	292.440002	292.649994
2020-02-05 17:14:59.253	0.00	97.7042	-18.8415	1	292.440002	292.649994
2020-02-05 17:15:00.214	0.00	97.7361	-18.8444	1	292.429993	292.660004
2020-02-05 17:15:01.156	0.00	97.6788	-18.8351	1	292.440002	292.649994
2020-02-05 17:15:02.074	0.00	97.8139	-18.8375	1	292.429993	292.660004
2020-02-05 17:15:03.002	0.00	97.8186	-18.8323	1	292.450012	292.649994
2020-02-05 17:15:03.948	0.00	97.9058	-18.8300	1	292.450012	292.649994
2020-02-05 17:15:04.879	0.00	97.9033	-18.8273	1	292.440002	292.649994
2020-02-05 17:15:05.844	0.00	97.8814	-18.8295	1	292.440002	292.660004
2020-02-05 17:15:06.780	0.00	98.0131	-18.8239	1	292.440002	292.649994
2020-02-05 17:15:07.719	0.00	97.9642	-18.8202	1	292.420013	292.649994
2020-02-05 17:15:08.644	0.00	98.0576	-18.8198	1	292.429993	292.660004
2020-02-05 17:15:09.590	0.00	98.0211	-18.8212	1	292.440002	292.649994
2020-02-05 17:15:10.546	0.00	97.9599	-18.8241	1	292.450012	292.649994
2020-02-05 17:15:11.469	0.00	97.9976	-18.8213	1	292.450012	292.640015
2020-02-05 17:15:12.414	0.00	97.9175	-18.8242	1	292.450012	292.660004
2020-02-05 17:15:13.377	0.00	98.0300	-18.8209	1	292.450012	292.649994
2020-02-05 17:15:14.298	0.00	98.0365	-18.8226	1	292.459991	292.649994
2020-02-05 17:15:15.251	0.00	98.0751	-18.8259	1	292.470001	292.649994
2020-02-05 17:15:16.201	0.00	98.1567	-18.8211	1	292.440002	292.660004
2020-02-05 17:15:17.121	0.00	98.0653	-18.8260	1	292.470001	292.670013
2020-02-05 17:15:18.084	0.00	98.0084	-18.8237	1	292.470001	292.660004
2020-02-05 17:15:19.004	0.00	97.8529	-18.8266	1	292.459991	292.649994
2020-02-05 17:15:19.938	0.00	97.9013	-18.8212	1	292.450012	292.660004
2020-02-05 17:15:20.904	0.00	97.8909	-18.8253	1	292.450012	292.640015
2020-02-05 17:15:21.836	0.00	97.7900	-18.8280	1	292.450012	292.649994
2020-02-05 17:15:22.763	0.00	97.8070	-18.8262	1	292.450012	292.660004
2020-02-05 17:15:23.721	0.00	97.8240	-18.8279	1	292.440002	292.660004
2020-02-05 17:15:24.680	0.00	97.8111	-18.8242	1	292.450012	292.670013
2020-02-05 17:15:25.606	0.00	97.9290	-18.8234	1	292.450012	292.660004
2020-02-05 17:15:26.533	0.00	97.8897	-18.8216	1	292.450012	292.649994
2020-02-05 17:15:27.503	0.00	97.9281	-18.8227	1	292.450012	292.660004
2020-02-05 17:15:28.440	0.00	97.8328	-18.8236	1	292.440002	292.649994
2020-02-05 17:15:29.390	0.00	97.8142	-18.8260	1	292.450012	292.670013
2020-02-05 17:15:30.331	0.00	97.8294	-18.8324	1	292.450012	292.660004
2020-02-05 17:15:31.266	0.00	97.6622	-18.8281	1	292.450012	292.660004
2020-02-05 17:15:32.201	0.00	97.7325	-18.8242	1	292.440002	292.660004
2020-02-05 17:15:33.134	0.00	97.6270	-18.8252	1	292.450012	292.649994
2020-02-05 17:15:34.097	0.00	97.7053	-18.8235	1	292.450012	292.660004
2020-02-05 17:15:35.021	0.00	97.7583	-18.8215	1	292.440002	292.660004
2020-02-05 17:15:35.954	0.00	97.7059	-18.8236	1	292.450012	292.649994
2020-02-05 17:15:36.931	0.00	97.8058	-18.8262	1	292.459991	292.660004
2020-02-05 17:15:37.827	0.00	97.6835	-18.8248	1	292.450012	292.660004
2020-02-05 17:15:38.823	0.00	97.7576	-18.8227	1	292.450012	292.660004
2020-02-05 17:15:39.734	0.00	97.7483	-18.8227	1	292.450012	292.660004
2020-02-05 17:15:40.668	0.00	97.7174	-18.8236	1	292.450012	292.679993
2020-02-05 17:15:41.604	0.00	97.8381	-18.8210	1	292.450012	292.640015
2020-02-05 17:15:42.549	0.00	97.8343	-18.8198	1	292.450012	292.660004
2020-02-05 17:15:43.508	0.00	97.9020	-18.8242	1	292.459991	292.660004
2020-02-05 17:15:44.433	0.00	97.9592	-18.8257	1	292.440002	292.640015
2020-02-05 17:15:45.367	0.00	97.9418	-18.8356	1	292.440002	292.660004
2020-02-05 17:15:46.308	0.00	98.0552	-18.8311	1	292.459991	292.660004
2020-02-05 17:15:47.260	0.00	97.9744	-18.8207	1	292.459991	292.640015
2020-02-05 17:15:48.218	0.00	98.0155	-18.8192	1	292.450012	292.649994
2020-02-05 17:15:49.142	0.00	98.0259	-18.8201	1	292.440002	292.660004
2020-02-05 17:15:50.082	0.00	97.9606	-18.8154	1	292.450012	292.660004
2020-02-05 17:15:51.004	0.00	98.0120	-18.8200	1	292.450012	292.660004
2020-02-05 17:15:51.929	0.00	97.9009	-18.8264	1	292.450012	292.660004
2020-02-05 17:15:52.930	0.00	97.9795	-18.8263	1	292.450012	292.660004
2020-02-05 17:15:53.828	0.00	97.8969	-18.8233	1	292.450012	292.660004
2020-02-05 17:15:54.798	0.00	97.7492	-18.8271	1	292.440002	292.649994
2020-02-05 17:15:55.734	0.00	97.8013	-18.8246	1	292.450012	292.649994
2020-02-05 17:15:56.711	0.00	97.6685	-18.8249	1	292.440002	292.670013
2020-02-05 17:15:57.630	0.00	97.7156	-18.8272	1	292.450012	292.649994
2020-02-05 17:15:58.559	0.00	97.7257	-18.8267	1	292.440002	292.660004
2020-02-05 17:15:59.516	0.00	97.7256	-18.8249	1	292.440002	292.649994
2020-02-05 17:16:00.461	0.00	97.8644	-18.8214	1	292.440002	292.660004
2020-02-05 17:16:01.392	0.00	97.8946	-18.8215	1	292.450012	292.660004
2020-02-05 17:16:02.352	0.00	97.8825	-18.8270	1	292.440002	292.660004
2020-02-05 17:16:03.289	0.00	97.8900	-18.8241	1	292.450012	292.660004
2020-02-05 17:16:04.223	0.00	97.7617	-18.8283	1	292.440002	292.660004
2020-02-05 17:16:05.142	0.00	97.7836	-18.8244	1	292.459991	292.670013
2020-02-05 17:16:06.092	0.00	97.7646	-18.8279	1	292.450012	292.670013
2020-02-05 17:16:07.046	0.00	97.8037	-18.8264	1	292.450012	292.660004
2020-02-05 17:16:07.965	0.00	97.6500	-18.8226	1	292.459991	292.649994
2020-02-05 17:16:08.892	0.00	97.7281	-18.8297	1	292.450012	292.660004
2020-02-05 17:16:09.829	0.00	97.7802	-18.8266	1	292.440002	292.649994
2020-02-05 17:16:10.770	0.00	97.7138	-18.8290	1	292.450012	292.660004
2020-02-05 17:16:11.712	0.00	97.7027	-18.8341	1	292.450012	292.660004
2020-02-05 17:16:12.659	0.00	97.5558	-18.8322	1	292.459991	292.660004
2020-02-05 17:16:13.573	0.00	97.6192	-18.8305	1	292.450012	292.649994
2020-02-05 17:16:14.535	0.00	97.5123	-18.8339	1	292.450012	292.660004
2020-02-05 17:16:15.489	0.00	97.5525	-18.8283	1	292.450012	292.660004
2020-02-05 17:16:16.421	0.00	97.5579	-18.8261	1	292.450012	292.660004
2020-02-05 17:16:17.363	0.00	97.4553	-18.8317	1	292.459991	292.649994
2020-02-05 17:16:18.317	0.00	97.5254	-18.8309	1	292.450012	292.649994
2020-02-05 17:16:19.242	0.00	97.5237	-18.8275	1	292.470001	292.649994
2020-02-05 17:16:20.179	0.00	97.5369	-18.8294	1	292.450012	292.660004
2020-02-05 17:16:21.121	0.00	97.5993	-18.8301	1	292.470001	292.679993
2020-02-05 17:16:22.074	0.00	97.5663	-18.8332	1	292.459991	292.660004
2020-02-05 17:16:23.018	0.00	97.5799	-18.8294	1	292.459991	292.660004
2020-02-05 17:16:23.969	0.00	97.4209	-18.8282	1	292.459991	292.660004
2020-02-05 17:16:24.874	0.00	97.3638	-18.8245	1	292.470001	292.649994
2020-02-05 17:16:25.822	0.00	97.3042	-18.8293	1	292.480011	292.670013
2020-02-05 17:16:26.784	0.00	97.1701	-18.8223	1	292.459991	292.660004
2020-02-05 17:16:27.700	0.00	97.3629	-18.8275	1	292.459991	292.649994
2020-02-05 17:16:28.650	0.00	97.3540	-18.8224	1	292.459991	292.649994
2020-02-05 17:16:29.593	0.00	97.4772	-18.8199	1	292.470001	292.670013
2020-02-05 17:16:30.533	0.00	97.5565	-18.8254	1	292.480011	292.660004
2020-02-05 17:16:31.497	0.00	97.4527	-18.8300	1	292.459991	292.660004
2020-02-05 17:16:32.424	0.00	97.5488	-18.8288	1	292.450012	292.660004
2020-02-05 17:16:33.386	0.00	97.5133	-18.8234	1	292.470001	292.660004
2020-02-05 17:16:34.305	0.00	97.6245	-18.8231	1	292.450012	292.660004
2020-02-05 17:16:35.240	0.00	97.6718	-18.8260	1	292.450012	292.660004
2020-02-05 17:16:36.191	0.00	97.5818	-18.8191	1	292.470001	292.649994
2020-02-05 17:16:37.132	0.00	97.6752	-18.8156	1	292.470001	292.660004
2020-02-05 17:16:38.099	0.00	97.6175	-18.8162	1	292.459991	292.660004
2020-02-05 17:16:39.022	0.00	97.7022	-18.8193	1	292.450012	292.660004
2020-02-05 17:16:39.993	0.00	97.6326	-18.8163	1	292.450012	292.649994
2020-02-05 17:16:40.924	0.00	97.5218	-18.8173	1	292.459991	292.660004
2020-02-05 17:16:41.848	0.00	97.5635	-18.8184	1	292.459991	292.660004
2020-02-05 17:16:42.808	0.00	97.4471	-18.8154	1	292.440002	292.660004
2020-02-05 17:16:43.753	0.00	97.4100	-18.8191	1	292.459991	292.640015
2020-02-05 17:16:44.717	0.00	97.4970	-18.8200	1	292.459991	292.670013
2020-02-05 17:16:45.624	0.00	97.3030	-18.8177	1	292.440002	292.660004
2020-02-05 17:16:46.565	0.00	97.3871	-18.8230	1	292.450012	292.660004
2020-02-05 17:16:47.514	0.00	97.3797	-18.8172	1	292.459991	292.660004
2020-02-05 17:16:48.445	0.00	97.4085	-18.8177	1	292.459991	292.660004
2020-02-05 17:16:49.397	0.00	97.4549	-18.8198	1	292.440002	292.660004
2020-02-05 17:16:50.330	0.00	97.2964	-18.8222	1	292.440002	292.660004
2020-02-05 17:16:51.263	0.00	97.3777	-18.8208	1	292.450012	292.660004
2020-02-05 17:16:52.217	0.00	97.2956	-18.8221	1	292.470001	292.660004
2020-02-05 17:16:53.155	0.00	97.2559	-18.8232	1	292.450012	292.660004
2020-02-05 17:16:54.114	0.00	97.2667	-18.8176	1	292.429993	292.660004
2020-02-05 17:16:55.033	0.00	97.2206	-18.8201	1	292.450012	292.649994
2020-02-05 17:16:55.971	0.00	97.2858	-18.8205	1	292.450012	292.670013
2020-02-05 17:16:56.937	0.00	97.1823	-18.8193	1	292.450012	292.660004
2020-02-05 17:16:57.858	0.00	97.0526	-18.8194	1	292.450012	292.670013
2020-02-05 17:16:58.812	0.00	97.1327	-18.8255	1	292.450012	292.660004
2020-02-05 17:16:59.750	0.00	97.0987	-18.8227	1	292.450012	292.670013
2020-02-05 17:17:00.676	0.00	97.1799	-18.8234	1	292.459991	292.649994
2020-02-05 17:17:01.641	0.00	97.0900	-18.8274	1	292.470001	292.660004
2020-02-05 17:17:02.586	0.00	97.0641	-18.8289	1	292.450012	292.660004
2020-02-05 17:17:03.525	0.00	97.1430	-18.8277	1	292.450012	292.660004
2020-02-05 17:17:04.478	0.00	97.1362	-18.8304	1	292.450012	292.660004
2020-02-05 17:17:05.395	0.00	97.2648	-18.8256	1	292.450012	292.660004
2020-02-05 17:17:06.343	0.00	97.1368	-18.8239	1	292.440002	292.670013
2020-02-05 17:17:07.274	0.00	97.2367	-18.8243	1	292.450012	292.660004
2020-02-05 17:17:08.213	0.00	97.2676	-18.8223	1	292.450012	292.670013
2020-02-05 17:17:09.148	0.00	97.3349	-18.8234	1	292.450012	292.660004
2020-02-05 17:17:10.101	0.00	97.4793	-18.8218	1	292.450012	292.670013
2020-02-05 17:17:11.041	0.00	97.4362	-18.8195	1	292.440002	292.670013
2020-02-05 17:17:11.981	0.00	97.6243	-18.8205	1	292.450012	292.670013
2020-02-05 17:17:12.938	0.00	97.6995	-18.8190	1	292.440002	292.660004
2020-02-05 17:17:13.866	0.00	97.6819	-18.8203	1	292.440002	292.670013
2020-02-05 17:17:14.807	0.00	97.7254	-18.8225	1	292.440002	292.670013
2020-02-05 17:17:15.757	0.00	97.6033	-18.8240	1	292.440002	292.660004
2020-02-05 17:17:16.676	0.00	97.6590	-18.8231	1	292.440002	292.670013
2020-02-05 17:17:17.645	0.00	97.6798	-18.8256	1	292.440002	292.679993
2020-02-05 17:17:18.542	0.00	97.6703	-18.8237	1	292.450012	292.660004
2020-02-05 17:17:19.508	0.00	97.7653	-18.8240	1	292.440002	292.649994
2020-02-05 17:17:20.464	0.00	97.7242	-18.8257	1	292.429993	292.670013
2020-02-05 17:17:21.382	0.00	97.8738	-18.8238	1	292.440002	292.670013
2020-02-05 17:17:22.321	0.00	97.7973	-18.8273	1	292.440002	292.670013
2020-02-05 17:17:23.268	0.00	97.9135	-18.8300	1	292.420013	292.679993
2020-02-05 17:17:24.201	0.00	97.8241	-18.8324	1	292.429993	292.660004
2020-02-05 17:17:25.126	0.00	97.8466	-18.8241	1	292.440002	292.679993
2020-02-05 17:17:26.059	0.00	97.8232	-18.8255	1	292.440002	292.679993
2020-02-05 17:17:26.995	0.00	97.8182	-18.8259	1	292.440002	292.670013
2020-02-05 17:17:27.982	0.00	97.9030	-18.8265	1	292.429993	292.679993
2020-02-05 17:17:28.896	0.00	97.7806	-18.8279	1	292.440002	292.670013
2020-02-05 17:17:29.851	0.00	97.8322	-18.8259	1	292.420013	292.679993
2020-02-05 17:17:30.720	0.00	97.7110	-18.8302	1	292.440002	292.670013
2020-02-05 17:17:31.719	0.00	97.7375	-18.8265	1	292.429993	292.679993
2020-02-05 17:17:32.622	0.00	97.7208	-18.8255	1	292.440002	292.660004
2020-02-05 17:17:33.583	0.00	97.5778	-18.8295	1	292.420013	292.660004
2020-02-05 17:17:34.532	0.00	97.6188	-18.8319	1	292.440002	292.670013
2020-02-05 17:17:35.455	0.00	97.5211	-18.8290	1	292.420013	292.660004
2020-02-05 17:17:36.397	0.00	97.5724	-18.8320	1	292.420013	292.670013
2020-02-05 17:17:37.318	0.00	97.4988	-18.8278	1	292.420013	292.660004
2020-02-05 17:17:38.276	0.00	97.5165	-18.8255	1	292.429993	292.670013
2020-02-05 17:17:39.208	0.00	97.5379	-18.8277	1	292.420013	292.670013
2020-02-05 17:17:40.137	0.00	97.4095	-18.8273	1	292.410004	292.670013
2020-02-05 17:17:41.103	0.00	97.5559	-18.8252	1	292.429993	292.660004
2020-02-05 17:17:42.023	0.00	97.5186	-18.8233	1	292.429993	292.660004
2020-02-05 17:17:42.986	0.00	97.5995	-18.8244	1	292.429993	292.670013
2020-02-05 17:17:43.910	0.00	97.5659	-18.8245	1	292.420013	292.670013
2020-02-05 17:17:44.850	0.00	97.5159	-18.8255	1	292.429993	292.679993
2020-02-05 17:17:45.797	0.00	97.6459	-18.8246	1	292.420013	292.660004
2020-02-05 17:17:46.731	0.00	97.5270	-18.8204	1	292.410004	292.679993
2020-02-05 17:17:47.693	0.00	97.5587	-18.8221	1	292.429993	292.670013
2020-02-05 17:17:48.614	0.00	97.5390	-18.8255	1	292.429993	292.670013
2020-02-05 17:17:49.547	0.00	97.4498	-18.8251	1	292.429993	292.660004
2020-02-05 17:17:50.508	0.00	97.5182	-18.8225	1	292.410004	292.660004
2020-02-05 17:17:51.441	0.00	97.4796	-18.8263	1	292.420013	292.670013
2020-02-05 17:17:52.400	0.00	97.4866	-18.8257	1	292.420013	292.660004
2020-02-05 17:17:53.329	0.00	97.4147	-18.8297	1	292.410004	292.660004
2020-02-05 17:17:54.257	0.00	97.3724	-18.8229	1	292.429993	292.660004
2020-02-05 17:17:55.209	0.00	97.4163	-18.8239	1	292.420013	292.660004
2020-02-05 17:17:56.159	0.00	97.2644	-18.8311	1	292.410004	292.670013
2020-02-05 17:17:57.117	0.00	97.2664	-18.8276	1	292.410004	292.679993
2020-02-05 17:17:58.040	0.00	97.2742	-18.8257	1	292.420013	292.660004
2020-02-05 17:17:58.973	0.00	97.2123	-18.8232	1	292.429993	292.660004
2020-02-05 17:17:59.921	0.00	97.2878	-18.8228	1	292.420013	292.670013
2020-02-05 17:18:00.837	0.00	97.2128	-18.8275	1	292.410004	292.670013
2020-02-05 17:18:01.777	0.00	97.2864	-18.8218	1	292.410004	292.660004
2020-02-05 17:18:02.726	0.00	97.1979	-18.8239	1	292.420013	292.660004
2020-02-05 17:18:03.647	0.00	97.2660	-18.8286	1	292.420013	292.660004
2020-02-05 17:18:04.596	0.00	97.1764	-18.8290	1	292.429993	292.670013
2020-02-05 17:18:05.538	0.00	97.2211	-18.8261	1	292.420013	292.670013
2020-02-05 17:18:06.481	0.00	97.2716	-18.8279	1	292.420013	292.670013
2020-02-05 17:18:07.407	0.00	97.2736	-18.8293	1	292.410004	292.660004
2020-02-05 17:18:08.354	0.00	97.3189	-18.8272	1	292.410004	292.670013
2020-02-05 17:18:09.305	0.00	97.2100	-18.8299	1	292.429993	292.679993
2020-02-05 17:18:10.232	0.00	97.3063	-18.8304	1	292.410004	292.679993
2020-02-05 17:18:11.165	0.00	97.2650	-18.8297	1	292.420013	292.660004
2020-02-05 17:18:12.147	0.00	97.1671	-18.8257	1	292.420013	292.660004
2020-02-05 17:18:13.069	0.00	97.2080	-18.8285	1	292.410004	292.670013
2020-02-05 17:18:14.002	0.00	97.0693	-18.8295	1	292.410004	292.649994
2020-02-05 17:18:14.942	0.00	97.0803	-18.8331	1	292.410004	292.660004
2020-02-05 17:18:15.888	0.00	97.1492	-18.8324	1	292.410004	292.660004
2020-02-05 17:18:16.827	0.00	97.2025	-18.8299	1	292.410004	292.660004
2020-02-05 17:18:17.763	0.00	97.3132	-18.8288	1	292.410004	292.660004
2020-02-05 17:18:18.710	0.00	97.2966	-18.8298	1	292.420013	292.649994
2020-02-05 17:18:19.643	0.00	97.3934	-18.8284	1	292.410004	292.649994
2020-02-05 17:18:20.567	0.00	97.2540	-18.8299	1	292.410004	292.660004
2020-02-05 17:18:21.519	0.00	97.2775	-18.8318	1	292.410004	292.660004
2020-02-05 17:18:22.437	0.00	97.3035	-18.8271	1	292.410004	292.670013
2020-02-05 17:18:23.393	0.00	97.3926	-18.8276	1	292.410004	292.660004
2020-02-05 17:18:24.347	0.00	97.5185	-18.8283	1	292.410004	292.660004
2020-02-05 17:18:25.252	0.00	97.4817	-18.8332	1	292.410004	292.670013
2020-02-05 17:18:26.198	0.00	97.5772	-18.8348	1	292.410004	292.660004
2020-02-05 17:18:27.157	0.00	97.5545	-18.8286	1	292.410004	292.660004
2020-02-05 17:18:28.091	0.00	97.5290	-18.8279	1	292.410004	292.660004
2020-02-05 17:18:29.055	0.00	97.5659	-18.8260	1	292.420013	292.649994
2020-02-05 17:18:29.983	0.00	97.4897	-18.8251	1	292.410004	292.660004
2020-02-05 17:18:30.915	0.00	97.5847	-18.8253	1	292.410004	292.660004
2020-02-05 17:18:31.863	0.00	97.5055	-18.8275	1	292.399994	292.660004
2020-02-05 17:18:32.814	0.00	97.5431	-18.8279	1	292.410004	292.660004
2020-02-05 17:18:33.743	0.00	97.5911	-18.8318	1	292.410004	292.660004
2020-02-05 17:18:34.684	0.00	97.4726	-18.8313	1	292.420013	292.660004
2020-02-05 17:18:35.573	0.00	97.5852	-18.8288	1	292.399994	292.660004
2020-02-05 17:18:36.554	0.00	97.4932	-18.8277	1	292.410004	292.670013
2020-02-05 17:18:37.509	0.00	97.6131	-18.8252	1	292.410004	292.660004
2020-02-05 17:18:38.458	0.00	97.4886	-18.8265	1	292.399994	292.660004
2020-02-05 17:18:39.351	0.00	97.4453	-18.8299	1	292.410004	292.660004
2020-02-05 17:18:40.302	0.00	97.4956	-18.8279	1	292.390015	292.679993
2020-02-05 17:18:41.253	0.00	97.5308	-18.8268	1	292.399994	292.670013
2020-02-05 17:18:42.196	0.00	97.6783	-18.8252	1	292.390015	292.670013
2020-02-05 17:18:43.130	0.00	97.6603	-18.8218	1	292.410004	292.660004
2020-02-05 17:18:44.096	0.00	97.7619	-18.8205	1	292.390015	292.670013
2020-02-05 17:18:45.003	0.00	97.6865	-18.8211	1	292.399994	292.660004
2020-02-05 17:18:45.951	0.00	97.6260	-18.8248	1	292.399994	292.670013
2020-02-05 17:18:46.905	0.00	97.7605	-18.8288	1	292.399994	292.649994
2020-02-05 17:18:47.845	0.00	97.6930	-18.8249	1	292.410004	292.660004
2020-02-05 17:18:48.784	0.00	97.6562	-18.8287	1	292.410004	292.649994
2020-02-05 17:18:49.733	0.00	97.6070	-18.8273	1	292.410004	292.660004
2020-02-05 17:18:50.681	0.00	97.5160	-18.8338	1	292.399994	292.660004
2020-02-05 17:18:51.610	0.00	97.5527	-18.8338	1	292.390015	292.670013
2020-02-05 17:18:52.549	0.00	97.4540	-18.8309	1	292.390015	292.649994
2020-02-05 17:18:53.495	0.00	97.4968	-18.8345	1	292.399994	292.649994
2020-02-05 17:18:54.434	0.00	97.4120	-18.8334	1	292.390015	292.649994
2020-02-05 17:18:55.386	0.00	97.2714	-18.8276	1	292.390015	292.640015
2020-02-05 17:18:56.314	0.00	97.3432	-18.8316	1	292.399994	292.660004
2020-02-05 17:18:57.256	0.00	97.2375	-18.8309	1	292.390015	292.640015
2020-02-05 17:18:58.203	0.00	97.2596	-18.8295	1	292.399994	292.649994
2020-02-05 17:18:59.143	0.00	97.0909	-18.8302	1	292.390015	292.660004
2020-02-05 17:19:00.112	0.00	96.9907	-18.8357	1	292.399994	292.649994
2020-02-05 17:19:01.032	0.00	97.0640	-18.8321	1	292.380005	292.660004
2020-02-05 17:19:01.968	0.00	97.0303	-18.8319	1	292.380005	292.670013
2020-02-05 17:19:02.901	0.00	97.1879	-18.8315	1	292.390015	292.670013
2020-02-05 17:19:03.824	0.00	97.0919	-18.8316	1	292.380005	292.649994
2020-02-05 17:19:04.780	0.00	97.1046	-18.8305	1	292.390015	292.660004
2020-02-05 17:19:05.735	0.00	97.0865	-18.8308	1	292.380005	292.679993
2020-02-05 17:19:06.662	0.00	97.0353	-18.8324	1	292.380005	292.660004
2020-02-05 17:19:07.619	0.00	97.1433	-18.8389	1	292.380005	292.660004
2020-02-05 17:19:08.537	0.00	97.1086	-18.8300	1	292.390015	292.660004
2020-02-05 17:19:09.486	0.00	97.1786	-18.8308	1	292.390015	292.660004
2020-02-05 17:19:10.442	0.00	97.2460	-18.8276	1	292.380005	292.660004
2020-02-05 17:19:11.395	0.00	97.1797	-18.8252	1	292.380005	292.660004
2020-02-05 17:19:12.327	0.00	97.2624	-18.8222	1	292.390015	292.660004
2020-02-05 17:19:13.266	0.00	97.1721	-18.8225	1	292.390015	292.649994
2020-02-05 17:19:14.211	0.00	97.2011	-18.8267	1	292.380005	292.649994
2020-02-05 17:19:15.150	0.00	97.3084	-18.8254	1	292.390015	292.660004
2020-02-05 17:19:16.107	0.00	97.2974	-18.8318	1	292.380005	292.660004
2020-02-05 17:19:17.036	0.00	97.3951	-18.8309	1	292.380005	292.649994
2020-02-05 17:19:17.990	0.00	97.3146	-18.8260	1	292.390015	292.660004
2020-02-05 17:19:18.939	0.00	97.1930	-18.8277	1	292.380005	292.640015
2020-02-05 17:19:19.859	0.00	97.2584	-18.8270	1	292.390015	292.670013
2020-02-05 17:19:20.808	0.00	97.1875	-18.8309	1	292.390015	292.649994
2020-02-05 17:19:21.759	0.00	97.2153	-18.8337	1	292.390015	292.649994
2020-02-05 17:19:22.703	0.00	97.2301	-18.8280	1	292.390015	292.660004
2020-02-05 17:19:23.650	0.00	97.2511	-18.8339	1	292.399994	292.660004
2020-02-05 17:19:24.585	0.00	97.3239	-18.8384	1	292.380005	292.649994
2020-02-05 17:19:25.516	0.00	97.3572	-18.8345	1	292.390015	292.660004
2020-02-05 17:19:26.460	0.00	97.4085	-18.8343	1	292.380005	292.660004
2020-02-05 17:19:27.393	0.00	97.4322	-18.8339	1	292.399994	292.660004
2020-02-05 17:19:28.363	0.00	97.4649	-18.8350	1	292.380005	292.660004
2020-02-05 17:19:29.296	0.00	97.6082	-18.8306	1	292.390015	292.670013
2020-02-05 17:19:30.254	0.00	97.6144	-18.8320	1	292.390015	292.660004
2020-02-05 17:19:31.173	0.00	97.7146	-18.8288	1	292.380005	292.679993
2020-02-05 17:19:32.120	0.00	97.7867	-18.8274	1	292.380005	292.649994
2020-02-05 17:19:33.078	0.00	97.6924	-18.8296	1	292.390015	292.649994
2020-02-05 17:19:33.979	0.00	97.8307	-18.8319	1	292.390015	292.649994
2020-02-05 17:19:34.963	0.00	97.7836	-18.8292	1	292.399994	292.649994
2020-02-05 17:19:35.881	0.00	97.7703	-18.8263	1	292.390015	292.649994
2020-02-05 17:19:36.832	0.00	97.8005	-18.8227	1	292.410004	292.649994
2020-02-05 17:19:37.780	0.00	97.7528	-18.8254	1	292.399994	292.660004
2020-02-05 17:19:38.713	0.00	97.8567	-18.8241	1	292.399994	292.649994
2020-02-05 17:19:39.675	0.00	97.9054	-18.8203	1	292.399994	292.660004
2020-02-05 17:19:40.598	0.00	97.9029	-18.8250	1	292.380005	292.649994
2020-02-05 17:19:41.562	0.00	97.9347	-18.8227	1	292.390015	292.660004
2020-02-05 17:19:42.509	0.00	97.7982	-18.8290	1	292.410004	292.649994
2020-02-05 17:19:43.418	0.00	97.8582	-18.8223	1	292.399994	292.660004
2020-02-05 17:19:44.368	0.00	97.8819	-18.8208	1	292.410004	292.649994
2020-02-05 17:19:45.307	0.00	97.9099	-18.8252	1	292.410004	292.660004
2020-02-05 17:19:46.277	0.00	97.9572	-18.8242	1	292.410004	292.670013
2020-02-05 17:19:47.185	0.00	97.8449	-18.8262	1	292.399994	292.670013
2020-02-05 17:19:48.145	0.00	97.8601	-18.8262	1	292.410004	292.649994
2020-02-05 17:19:49.097	0.00	97.8684	-18.8249	1	292.410004	292.660004
2020-02-05 17:19:50.046	0.00	97.8135	-18.8354	1	292.410004	292.660004
2020-02-05 17:19:50.971	0.00	97.8927	-18.8258	1	292.410004	292.660004
2020-02-05 17:19:51.915	0.00	97.7741	-18.8249	1	292.399994	292.660004
2020-02-05 17:19:52.874	0.00	97.8025	-18.8271	1	292.390015	292.649994
2020-02-05 17:19:53.804	0.00	97.7933	-18.8223	1	292.410004	292.660004
2020-02-05 17:19:54.732	0.00	97.7106	-18.8203	1	292.399994	292.649994
2020-02-05 17:19:55.690	0.00	97.8045	-18.8211	1	292.399994	292.640015
2020-02-05 17:19:56.620	0.00	97.6784	-18.8219	1	292.410004	292.660004
2020-02-05 17:19:57.562	0.00	97.7870	-18.8216	1	292.399994	292.660004
2020-02-05 17:19:58.490	0.00	97.6782	-18.8220	1	292.410004	292.660004
2020-02-05 17:19:59.453	0.00	97.6890	-18.8193	1	292.399994	292.649994
2020-02-05 17:20:00.378	0.00	97.7700	-18.8227	1	292.410004	292.649994
2020-02-05 17:20:01.316	0.00	97.7533	-18.8197	1	292.399994	292.660004
2020-02-05 17:20:02.250	0.00	97.8473	-18.8166	1	292.399994	292.649994
2020-02-05 17:20:03.208	0.00	97.7806	-18.8164	1	292.410004	292.660004
2020-02-05 17:20:04.147	0.00	97.7587	-18.8195	1	292.399994	292.670013
2020-02-05 17:20:05.092	0.00	97.7906	-18.8180	1	292.420013	292.670013
2020-02-05 17:20:06.060	0.00	97.7956	-18.8168	1	292.410004	292.649994
2020-02-05 17:20:06.969	0.00	97.8822	-18.8181	1	292.410004	292.660004
2020-02-05 17:20:07.924	0.00	97.7457	-18.8256	1	292.410004	292.660004
2020-02-05 17:20:08.859	0.00	97.7089	-18.8237	1	292.410004	292.660004
2020-02-05 17:20:09.817	0.00	97.7382	-18.8223	1	292.410004	292.660004
2020-02-05 17:20:10.750	0.00	97.5579	-18.8245	1	292.410004	292.649994
2020-02-05 17:20:11.709	0.00	97.5803	-18.8271	1	292.420013	292.660004
2020-02-05 17:20:12.622	0.00	97.5353	-18.8230	1	292.420013	292.660004
2020-02-05 17:20:13.588	0.00	97.5138	-18.8241	1	292.410004	292.660004
2020-02-05 17:20:14.553	0.00	97.6221	-18.8236	1	292.420013	292.649994
2020-02-05 17:20:15.454	0.00	97.5302	-18.8233	1	292.420013	292.660004
2020-02-05 17:20:16.399	0.00	97.5736	-18.8200	1	292.420013	292.649994
2020-02-05 17:20:17.347	0.00	97.4616	-18.8201	1	292.420013	292.660004
2020-02-05 17:20:18.286	0.00	97.4357	-18.8223	1	292.420013	292.670013
2020-02-05 17:20:19.215	0.00	97.4555	-18.8214	1	292.410004	292.649994
2020-02-05 17:20:20.180	0.00	97.3756	-18.8186	1	292.410004	292.660004
2020-02-05 17:20:21.132	0.00	97.4446	-18.8181	1	292.410004	292.679993
2020-02-05 17:20:22.079	0.00	97.4798	-18.8205	1	292.420013	292.660004
2020-02-05 17:20:22.993	0.00	97.3939	-18.8310	1	292.410004	292.660004
2020-02-05 17:20:23.958	0.00	97.3912	-18.8177	1	292.420013	292.670013
2020-02-05 17:20:24.884	0.00	97.2782	-18.8252	1	292.429993	292.670013
2020-02-05 17:20:25.829	0.00	97.2614	-18.8257	1	292.429993	292.679993
2020-02-05 17:20:26.750	0.00	97.2521	-18.8285	1	292.420013	292.660004
2020-02-05 17:20:27.693	0.00	97.1942	-18.8265	1	292.420013	292.670013
2020-02-05 17:20:28.642	0.00	97.1396	-18.8242	1	292.420013	292.660004
2020-02-05 17:20:29.571	0.00	97.0314	-18.8284	1	292.440002	292.660004
2020-02-05 17:20:30.508	0.00	97.1827	-18.8251	1	292.420013	292.660004
