TS	Tilt	Phase	Amplitude	PLL_Locked	TempSensor1	TempSensor2
2020-02-05 16:18:22.334	0.00	173.2540	-23.5149	1	292.440002	292.670013
2020-02-05 16:18:23.250	0.00	173.2746	-23.5250	1	292.450012	292.670013
2020-02-05 16:18:24.186	0.00	173.2745	-23.5342	1	292.450012	292.670013
2020-02-05 16:18:25.143	0.00	173.1965	-23.5385	1	292.450012	292.670013
2020-02-05 16:18:26.082	0.00	173.2983	-23.5349	1	292.450012	292.679993
2020-02-05 16:18:27.026	0.00	173.3209	-23.5464	1	292.440002	292.670013
2020-02-05 16:18:27.961	0.00	173.4325	-23.5321	1	292.440002	292.679993
2020-02-05 16:18:28.897	0.00	173.4856	-23.5375	1	292.450012	292.660004
2020-02-05 16:18:29.827	0.00	173.4113	-23.5444	1	292.450012	292.660004
2020-02-05 16:18:30.774	0.00	173.4226	-23.5478	1	292.440002	292.670013
2020-02-05 16:18:31.703	0.00	173.3289	-23.5529	1	292.440002	292.670013
2020-02-05 16:18:32.646	0.00	173.3577	-23.5455	1	292.440002	292.670013
2020-02-05 16:18:33.583	0.00	173.3082	-23.5639	1	292.450012	292.660004
2020-02-05 16:18:34.535	0.00	173.2777	-23.5661	1	292.450012	292.670013
2020-02-05 16:18:35.459	0.00	173.3417	-23.5881	1	292.440002	292.660004
2020-02-05 16:18:36.398	0.00	173.3056	-23.5853	1	292.450012	292.660004
2020-02-05 16:18:37.333	0.00	173.3737	-23.5757	1	292.440002	292.670013
2020-02-05 16:18:38.294	0.00	173.3102	-23.5863	1	292.450012	292.679993
2020-02-05 16:18:39.242	0.00	173.2903	-23.5918	1	292.459991	292.670013
2020-02-05 16:18:40.177	0.00	173.2093	-23.5896	1	292.450012	292.670013
2020-02-05 16:18:41.118	0.00	173.0915	-23.5825	1	292.440002	292.679993
2020-02-05 16:18:42.031	0.00	173.1624	-23.5875	1	292.440002	292.660004
2020-02-05 16:18:42.989	0.00	173.0930	-23.5814	1	292.440002	292.670013
2020-02-05 16:18:43.951	0.00	173.0524	-23.6058	1	292.450012	292.660004
2020-02-05 16:18:44.854	0.00	173.0138	-23.5769	1	292.450012	292.670013
2020-02-05 16:18:45.824	0.00	172.9003	-23.5799	1	292.450012	292.690002
2020-02-05 16:18:46.774	0.00	172.9224	-23.5918	1	292.440002	292.670013
2020-02-05 16:18:47.716	0.00	172.8892	-23.5892	1	292.459991	292.679993
2020-02-05 16:18:48.665	0.00	172.9240	-23.5850	1	292.440002	292.679993
2020-02-05 16:18:49.557	0.00	173.0078	-23.5894	1	292.450012	292.660004
2020-02-05 16:18:50.548	0.00	172.9404	-23.5968	1	292.440002	292.679993
2020-02-05 16:18:51.473	0.00	173.0088	-23.6117	1	292.450012	292.679993
2020-02-05 16:18:52.420	0.00	173.0667	-23.6092	1	292.429993	292.670013
2020-02-05 16:18:53.358	0.00	173.0215	-23.5974	1	292.440002	292.660004
2020-02-05 16:18:54.305	0.00	173.1003	-23.5943	1	292.450012	292.660004
2020-02-05 16:18:55.255	0.00	173.0572	-23.5964	1	292.420013	292.679993
2020-02-05 16:18:56.179	0.00	173.1734	-23.6154	1	292.440002	292.679993
2020-02-05 16:18:57.113	0.00	173.1154	-23.5961	1	292.440002	292.670013
2020-02-05 16:18:58.088	0.00	173.0840	-23.5940	1	292.429993	292.670013
2020-02-05 16:18:59.000	0.00	173.0643	-23.6014	1	292.440002	292.660004
2020-02-05 16:18:59.962	0.00	172.9873	-23.6024	1	292.440002	292.660004
2020-02-05 16:19:00.886	0.00	173.0641	-23.6140	1	292.440002	292.660004
2020-02-05 16:19:01.805	0.00	173.0346	-23.6123	1	292.440002	292.679993
2020-02-05 16:19:02.796	0.00	173.0175	-23.6079	1	292.440002	292.679993
2020-02-05 16:19:03.730	0.00	173.0357	-23.6105	1	292.440002	292.660004
2020-02-05 16:19:04.628	0.00	172.9295	-23.6161	1	292.450012	292.660004
2020-02-05 16:19:05.561	0.00	173.0175	-23.6258	1	292.440002	292.670013
2020-02-05 16:19:06.514	0.00	172.9467	-23.6205	1	292.429993	292.660004
2020-02-05 16:19:07.494	0.00	173.0127	-23.6270	1	292.450012	292.679993
2020-02-05 16:19:08.417	0.00	172.9728	-23.6361	1	292.450012	292.679993
2020-02-05 16:19:09.364	0.00	172.8824	-23.6128	1	292.440002	292.670013
2020-02-05 16:19:10.284	0.00	172.9303	-23.6139	1	292.450012	292.670013
2020-02-05 16:19:11.247	0.00	172.8233	-23.6203	1	292.450012	292.660004
2020-02-05 16:19:12.169	0.00	172.8444	-23.6200	1	292.450012	292.670013
2020-02-05 16:19:13.111	0.00	172.8040	-23.6148	1	292.440002	292.670013
2020-02-05 16:19:14.037	0.00	172.8195	-23.6357	1	292.440002	292.670013
2020-02-05 16:19:14.990	0.00	172.9392	-23.6455	1	292.440002	292.660004
2020-02-05 16:19:15.915	0.00	172.9204	-23.6315	1	292.440002	292.670013
2020-02-05 16:19:16.830	0.00	173.0166	-23.6389	1	292.440002	292.649994
2020-02-05 16:19:17.810	0.00	172.9264	-23.6403	1	292.440002	292.670013
2020-02-05 16:19:18.734	0.00	172.9960	-23.6259	1	292.440002	292.679993
2020-02-05 16:19:19.671	0.00	172.9468	-23.6098	1	292.440002	292.670013
2020-02-05 16:19:20.607	0.00	172.9506	-23.6334	1	292.450012	292.679993
2020-02-05 16:19:21.553	0.00	172.9212	-23.6353	1	292.440002	292.660004
2020-02-05 16:19:22.500	0.00	172.8592	-23.6390	1	292.440002	292.679993
2020-02-05 16:19:23.442	0.00	172.9089	-23.6346	1	292.440002	292.679993
2020-02-05 16:19:24.386	0.00	172.8909	-23.6387	1	292.440002	292.679993
2020-02-05 16:19:25.326	0.00	172.9100	-23.6445	1	292.440002	292.679993
2020-02-05 16:19:26.253	0.00	172.9391	-23.6468	1	292.440002	292.679993
2020-02-05 16:19:27.191	0.00	172.9473	-23.6567	1	292.440002	292.670013
2020-02-05 16:19:28.133	0.00	173.1209	-23.6468	1	292.440002	292.679993
2020-02-05 16:19:29.115	0.00	173.0735	-23.6354	1	292.440002	292.679993
2020-02-05 16:19:30.031	0.00	173.0270	-23.6487	1	292.440002	292.679993
2020-02-05 16:19:30.963	0.00	173.0437	-23.6404	1	292.450012	292.670013
2020-02-05 16:19:31.920	0.00	172.9731	-23.6389	1	292.450012	292.670013
2020-02-05 16:19:32.855	0.00	173.0459	-23.6283	1	292.440002	292.670013
2020-02-05 16:19:33.803	0.00	172.9805	-23.6376	1	292.440002	292.660004
2020-02-05 16:19:34.741	0.00	172.9203	-23.6381	1	292.440002	292.679993
2020-02-05 16:19:35.671	0.00	172.8857	-23.6234	1	292.429993	292.670013
2020-02-05 16:19:36.612	0.00	172.7201	-23.6236	1	292.429993	292.679993
2020-02-05 16:19:37.568	0.00	172.7985	-23.6335	1	292.440002	292.679993
2020-02-05 16:19:38.503	0.00	172.7524	-23.6235	1	292.429993	292.660004
2020-02-05 16:19:39.420	0.00	172.8617	-23.6228	1	292.429993	292.679993
2020-02-05 16:19:40.373	0.00	172.8547	-23.6315	1	292.420013	292.670013
2020-02-05 16:19:41.330	0.00	172.8177	-23.6317	1	292.429993	292.670013
2020-02-05 16:19:42.300	0.00	172.8885	-23.6339	1	292.420013	292.670013
2020-02-05 16:19:43.208	0.00	172.7697	-23.6488	1	292.440002	292.670013
2020-02-05 16:19:44.154	0.00	172.7705	-23.6491	1	292.420013	292.670013
2020-02-05 16:19:45.109	0.00	172.7578	-23.6606	1	292.440002	292.670013
2020-02-05 16:19:46.034	0.00	172.7189	-23.6486	1	292.420013	292.670013
2020-02-05 16:19:46.980	0.00	172.7807	-23.6523	1	292.440002	292.660004
2020-02-05 16:19:47.922	0.00	172.7676	-23.6572	1	292.440002	292.679993
2020-02-05 16:19:48.856	0.00	172.7525	-23.6584	1	292.440002	292.660004
2020-02-05 16:19:49.801	0.00	172.8432	-23.6636	1	292.429993	292.670013
2020-02-05 16:19:50.754	0.00	172.7332	-23.6606	1	292.429993	292.660004
2020-02-05 16:19:51.691	0.00	172.7622	-23.6613	1	292.440002	292.670013
2020-02-05 16:19:52.630	0.00	172.7283	-23.6684	1	292.440002	292.670013
2020-02-05 16:19:53.566	0.00	172.7259	-23.6802	1	292.429993	292.670013
2020-02-05 16:19:54.503	0.00	172.8575	-23.6661	1	292.420013	292.679993
2020-02-05 16:19:55.460	0.00	172.8217	-23.6655	1	292.429993	292.670013
2020-02-05 16:19:56.388	0.00	172.8639	-23.6707	1	292.420013	292.660004
2020-02-05 16:19:57.355	0.00	172.7816	-23.6623	1	292.429993	292.670013
2020-02-05 16:19:58.239	0.00	172.7927	-23.6525	1	292.429993	292.670013
2020-02-05 16:19:59.218	0.00	172.8782	-23.6421	1	292.440002	292.670013
2020-02-05 16:20:00.158	0.00	172.8371	-23.6378	1	292.440002	292.660004
2020-02-05 16:20:01.076	0.00	172.8435	-23.6511	1	292.420013	292.660004
2020-02-05 16:20:02.055	0.00	172.6765	-23.6629	1	292.440002	292.670013
2020-02-05 16:20:02.978	0.00	172.6292	-23.6681	1	292.429993	292.670013
2020-02-05 16:20:03.904	0.00	172.7329	-23.6769	1	292.440002	292.670013
2020-02-05 16:20:04.870	0.00	172.7510	-23.6672	1	292.440002	292.670013
2020-02-05 16:20:05.787	0.00	172.8658	-23.6639	1	292.440002	292.660004
2020-02-05 16:20:06.780	0.00	172.8599	-23.6675	1	292.440002	292.679993
2020-02-05 16:20:07.703	0.00	172.8573	-23.6630	1	292.429993	292.670013
2020-02-05 16:20:08.643	0.00	172.9679	-23.6536	1	292.420013	292.679993
2020-02-05 16:20:09.594	0.00	172.9097	-23.6558	1	292.410004	292.670013
2020-02-05 16:20:10.516	0.00	172.9930	-23.6632	1	292.420013	292.670013
2020-02-05 16:20:11.459	0.00	173.0158	-23.6697	1	292.429993	292.679993
2020-02-05 16:20:12.397	0.00	173.0800	-23.6743	1	292.410004	292.660004
2020-02-05 16:20:13.320	0.00	172.9920	-23.6792	1	292.420013	292.670013
2020-02-05 16:20:14.283	0.00	172.9077	-23.6566	1	292.429993	292.679993
2020-02-05 16:20:15.217	0.00	172.9345	-23.6686	1	292.420013	292.660004
2020-02-05 16:20:16.153	0.00	172.8634	-23.6711	1	292.410004	292.660004
2020-02-05 16:20:17.101	0.00	172.9661	-23.6817	1	292.420013	292.679993
2020-02-05 16:20:18.046	0.00	172.9948	-23.6773	1	292.420013	292.679993
2020-02-05 16:20:18.988	0.00	172.9441	-23.6643	1	292.410004	292.670013
2020-02-05 16:20:19.924	0.00	173.0132	-23.6719	1	292.420013	292.660004
2020-02-05 16:20:20.882	0.00	172.9408	-23.6685	1	292.420013	292.670013
2020-02-05 16:20:21.773	0.00	172.9527	-23.6773	1	292.410004	292.660004
2020-02-05 16:20:22.757	0.00	172.9231	-23.6691	1	292.410004	292.679993
2020-02-05 16:20:23.682	0.00	172.8715	-23.6745	1	292.420013	292.660004
2020-02-05 16:20:24.628	0.00	172.9800	-23.6738	1	292.420013	292.660004
2020-02-05 16:20:25.568	0.00	172.9169	-23.6574	1	292.420013	292.679993
2020-02-05 16:20:26.489	0.00	172.9821	-23.6812	1	292.410004	292.690002
2020-02-05 16:20:27.464	0.00	172.9612	-23.6790	1	292.410004	292.670013
2020-02-05 16:20:28.371	0.00	173.0191	-23.6552	1	292.420013	292.679993
2020-02-05 16:20:29.314	0.00	173.0959	-23.6647	1	292.420013	292.670013
2020-02-05 16:20:30.256	0.00	173.0112	-23.6610	1	292.410004	292.660004
2020-02-05 16:20:31.225	0.00	173.0954	-23.6724	1	292.420013	292.670013
2020-02-05 16:20:32.142	0.00	173.0172	-23.6716	1	292.410004	292.670013
2020-02-05 16:20:33.101	0.00	173.1174	-23.6583	1	292.420013	292.660004
2020-02-05 16:20:34.013	0.00	173.1244	-23.6587	1	292.399994	292.679993
2020-02-05 16:20:34.955	0.00	173.0632	-23.6721	1	292.420013	292.660004
2020-02-05 16:20:35.912	0.00	173.0662	-23.6567	1	292.410004	292.660004
2020-02-05 16:20:36.852	0.00	172.9214	-23.6656	1	292.410004	292.660004
2020-02-05 16:20:37.806	0.00	172.9390	-23.6733	1	292.410004	292.660004
2020-02-05 16:20:38.711	0.00	172.9562	-23.6635	1	292.410004	292.670013
2020-02-05 16:20:39.661	0.00	172.8654	-23.6591	1	292.420013	292.670013
2020-02-05 16:20:40.618	0.00	172.8800	-23.6551	1	292.420013	292.660004
2020-02-05 16:20:41.551	0.00	172.7537	-23.6462	1	292.420013	292.660004
2020-02-05 16:20:42.504	0.00	172.7642	-23.6483	1	292.420013	292.679993
2020-02-05 16:20:43.440	0.00	172.7133	-23.6525	1	292.410004	292.670013
2020-02-05 16:20:44.370	0.00	172.6233	-23.6605	1	292.420013	292.660004
2020-02-05 16:20:45.335	0.00	172.7357	-23.6666	1	292.410004	292.670013
2020-02-05 16:20:46.240	0.00	172.6807	-23.6653	1	292.429993	292.670013
2020-02-05 16:20:47.200	0.00	172.7174	-23.6763	1	292.420013	292.670013
2020-02-05 16:20:48.132	0.00	172.8050	-23.6742	1	292.410004	292.660004
2020-02-05 16:20:49.094	0.00	172.6622	-23.6534	1	292.420013	292.660004
2020-02-05 16:20:50.031	0.00	172.7001	-23.6679	1	292.410004	292.660004
2020-02-05 16:20:50.974	0.00	172.6182	-23.6706	1	292.420013	292.670013
2020-02-05 16:20:51.906	0.00	172.8131	-23.6594	1	292.420013	292.679993
2020-02-05 16:20:52.859	0.00	172.8137	-23.6661	1	292.420013	292.660004
2020-02-05 16:20:53.771	0.00	172.8442	-23.6703	1	292.420013	292.670013
2020-02-05 16:20:54.752	0.00	172.8616	-23.6709	1	292.420013	292.670013
2020-02-05 16:20:55.657	0.00	172.7904	-23.6735	1	292.420013	292.670013
2020-02-05 16:20:56.612	0.00	172.7783	-23.6770	1	292.410004	292.679993
2020-02-05 16:20:57.553	0.00	172.6722	-23.6857	1	292.410004	292.660004
2020-02-05 16:20:58.486	0.00	172.7238	-23.6770	1	292.410004	292.660004
2020-02-05 16:20:59.431	0.00	172.7348	-23.6866	1	292.420013	292.670013
2020-02-05 16:21:00.378	0.00	172.6484	-23.6823	1	292.410004	292.660004
2020-02-05 16:21:01.323	0.00	172.7185	-23.6731	1	292.420013	292.670013
2020-02-05 16:21:02.259	0.00	172.6716	-23.6886	1	292.399994	292.679993
2020-02-05 16:21:03.195	0.00	172.6892	-23.6922	1	292.420013	292.679993
2020-02-05 16:21:04.114	0.00	172.6922	-23.6737	1	292.410004	292.670013
2020-02-05 16:21:05.068	0.00	172.5929	-23.6679	1	292.410004	292.670013
2020-02-05 16:21:06.016	0.00	172.7094	-23.6684	1	292.420013	292.670013
2020-02-05 16:21:06.954	0.00	172.6220	-23.6793	1	292.420013	292.660004
2020-02-05 16:21:07.904	0.00	172.6706	-23.6921	1	292.420013	292.670013
2020-02-05 16:21:08.821	0.00	172.5858	-23.6859	1	292.420013	292.670013
2020-02-05 16:21:09.781	0.00	172.6138	-23.6792	1	292.420013	292.679993
2020-02-05 16:21:10.707	0.00	172.7018	-23.6656	1	292.420013	292.660004
2020-02-05 16:21:11.660	0.00	172.6953	-23.6830	1	292.410004	292.670013
2020-02-05 16:21:12.582	0.00	172.8405	-23.6813	1	292.410004	292.679993
2020-02-05 16:21:13.540	0.00	172.7930	-23.6880	1	292.420013	292.679993
2020-02-05 16:21:14.491	0.00	172.7808	-23.6904	1	292.420013	292.670013
2020-02-05 16:21:15.438	0.00	172.7529	-23.6933	1	292.410004	292.679993
2020-02-05 16:21:16.368	0.00	172.5987	-23.6983	1	292.420013	292.670013
2020-02-05 16:21:17.307	0.00	172.6531	-23.6814	1	292.410004	292.670013
2020-02-05 16:21:18.244	0.00	172.6518	-23.6986	1	292.420013	292.670013
2020-02-05 16:21:19.161	0.00	172.7314	-23.6960	1	292.420013	292.660004
2020-02-05 16:21:20.133	0.00	172.8408	-23.6945	1	292.420013	292.660004
2020-02-05 16:21:21.082	0.00	172.7928	-23.6892	1	292.420013	292.679993
2020-02-05 16:21:21.997	0.00	172.8950	-23.6882	1	292.429993	292.679993
2020-02-05 16:21:22.955	0.00	172.8647	-23.6919	1	292.440002	292.660004
2020-02-05 16:21:23.904	0.00	172.8257	-23.6966	1	292.420013	292.679993
2020-02-05 16:21:24.842	0.00	172.8598	-23.6917	1	292.420013	292.670013
2020-02-05 16:21:25.782	0.00	172.7151	-23.7001	1	292.440002	292.660004
2020-02-05 16:21:26.721	0.00	172.7668	-23.6905	1	292.420013	292.679993
2020-02-05 16:21:27.666	0.00	172.7329	-23.6937	1	292.420013	292.679993
2020-02-05 16:21:28.605	0.00	172.7872	-23.6955	1	292.420013	292.660004
2020-02-05 16:21:29.539	0.00	172.7968	-23.6924	1	292.420013	292.679993
2020-02-05 16:21:30.479	0.00	172.6719	-23.6793	1	292.429993	292.679993
2020-02-05 16:21:31.407	0.00	172.7488	-23.6850	1	292.420013	292.670013
2020-02-05 16:21:32.382	0.00	172.7098	-23.6915	1	292.420013	292.660004
2020-02-05 16:21:33.314	0.00	172.8322	-23.6931	1	292.420013	292.679993
2020-02-05 16:21:34.232	0.00	172.8810	-23.6949	1	292.420013	292.670013
2020-02-05 16:21:35.201	0.00	172.8725	-23.6959	1	292.410004	292.670013
2020-02-05 16:21:36.134	0.00	172.9852	-23.6941	1	292.420013	292.670013
2020-02-05 16:21:37.080	0.00	172.9699	-23.6863	1	292.420013	292.670013
2020-02-05 16:21:38.034	0.00	173.0196	-23.6891	1	292.420013	292.679993
2020-02-05 16:21:38.982	0.00	173.0589	-23.6924	1	292.420013	292.670013
2020-02-05 16:21:39.897	0.00	172.9770	-23.6943	1	292.429993	292.670013
2020-02-05 16:21:40.858	0.00	172.9706	-23.6997	1	292.420013	292.670013
2020-02-05 16:21:41.809	0.00	172.9100	-23.6949	1	292.410004	292.670013
2020-02-05 16:21:42.726	0.00	172.8120	-23.6966	1	292.410004	292.660004
2020-02-05 16:21:43.682	0.00	172.8212	-23.6967	1	292.429993	292.670013
2020-02-05 16:21:44.625	0.00	172.7229	-23.6915	1	292.429993	292.670013
2020-02-05 16:21:45.588	0.00	172.7784	-23.6862	1	292.420013	292.660004
2020-02-05 16:21:46.519	0.00	172.7292	-23.6904	1	292.440002	292.670013
2020-02-05 16:21:47.466	0.00	172.6315	-23.6955	1	292.429993	292.660004
2020-02-05 16:21:48.419	0.00	172.6640	-23.6978	1	292.420013	292.670013
2020-02-05 16:21:49.335	0.00	172.5738	-23.6985	1	292.429993	292.670013
2020-02-05 16:21:50.320	0.00	172.5727	-23.6988	1	292.420013	292.670013
2020-02-05 16:21:51.238	0.00	172.5828	-23.7003	1	292.429993	292.670013
2020-02-05 16:21:52.166	0.00	172.5223	-23.7015	1	292.429993	292.670013
2020-02-05 16:21:53.121	0.00	172.6068	-23.6890	1	292.440002	292.660004
2020-02-05 16:21:54.062	0.00	172.4410	-23.6993	1	292.440002	292.679993
2020-02-05 16:21:55.018	0.00	172.4129	-23.6940	1	292.429993	292.679993
2020-02-05 16:21:55.953	0.00	172.4195	-23.7041	1	292.440002	292.679993
2020-02-05 16:21:56.904	0.00	172.4190	-23.7051	1	292.429993	292.660004
2020-02-05 16:21:57.818	0.00	172.5907	-23.6864	1	292.429993	292.670013
2020-02-05 16:21:58.764	0.00	172.5875	-23.7073	1	292.440002	292.660004
2020-02-05 16:21:59.745	0.00	172.5831	-23.7065	1	292.440002	292.679993
2020-02-05 16:22:00.654	0.00	172.6454	-23.7061	1	292.440002	292.660004
2020-02-05 16:22:01.581	0.00	172.6690	-23.6947	1	292.440002	292.660004
2020-02-05 16:22:02.535	0.00	172.7795	-23.6985	1	292.420013	292.660004
2020-02-05 16:22:03.481	0.00	172.6835	-23.6978	1	292.420013	292.670013
2020-02-05 16:22:04.417	0.00	172.6932	-23.6914	1	292.429993	292.660004
2020-02-05 16:22:05.374	0.00	172.6714	-23.6887	1	292.429993	292.670013
2020-02-05 16:22:06.288	0.00	172.6874	-23.6844	1	292.440002	292.670013
2020-02-05 16:22:07.243	0.00	172.7836	-23.7020	1	292.450012	292.670013
2020-02-05 16:22:08.163	0.00	172.7241	-23.7029	1	292.459991	292.660004
2020-02-05 16:22:09.120	0.00	172.7952	-23.6971	1	292.450012	292.670013
2020-02-05 16:22:10.062	0.00	172.8264	-23.6991	1	292.440002	292.679993
2020-02-05 16:22:10.989	0.00	172.7778	-23.7007	1	292.450012	292.670013
2020-02-05 16:22:11.929	0.00	172.7436	-23.7048	1	292.459991	292.679993
2020-02-05 16:22:12.876	0.00	172.6148	-23.7065	1	292.450012	292.679993
2020-02-05 16:22:13.819	0.00	172.5368	-23.7061	1	292.459991	292.660004
2020-02-05 16:22:14.762	0.00	172.4142	-23.7091	1	292.450012	292.670013
2020-02-05 16:22:15.693	0.00	172.4146	-23.7027	1	292.459991	292.679993
2020-02-05 16:22:16.659	0.00	172.4955	-23.7024	1	292.450012	292.670013
2020-02-05 16:22:17.582	0.00	172.3943	-23.7006	1	292.450012	292.660004
2020-02-05 16:22:18.533	0.00	172.4429	-23.7018	1	292.450012	292.670013
2020-02-05 16:22:19.474	0.00	172.3620	-23.7043	1	292.459991	292.679993
2020-02-05 16:22:20.401	0.00	172.3556	-23.7061	1	292.450012	292.660004
2020-02-05 16:22:21.327	0.00	172.3310	-23.7133	1	292.450012	292.670013
2020-02-05 16:22:22.279	0.00	172.2545	-23.7103	1	292.470001	292.670013
2020-02-05 16:22:23.228	0.00	172.2522	-23.7055	1	292.459991	292.670013
2020-02-05 16:22:24.177	0.00	172.1700	-23.7049	1	292.450012	292.679993
2020-02-05 16:22:25.093	0.00	172.2431	-23.7123	1	292.450012	292.679993
2020-02-05 16:22:26.024	0.00	172.2352	-23.7091	1	292.459991	292.660004
2020-02-05 16:22:26.978	0.00	172.3108	-23.7088	1	292.459991	292.679993
2020-02-05 16:22:27.906	0.00	172.4270	-23.7089	1	292.459991	292.679993
2020-02-05 16:22:28.853	0.00	172.4334	-23.7116	1	292.459991	292.660004
2020-02-05 16:22:29.783	0.00	172.5709	-23.7077	1	292.450012	292.670013
2020-02-05 16:22:30.726	0.00	172.5479	-23.7009	1	292.450012	292.670013
2020-02-05 16:22:31.683	0.00	172.6234	-23.7004	1	292.459991	292.660004
2020-02-05 16:22:32.604	0.00	172.6452	-23.7039	1	292.459991	292.679993
2020-02-05 16:22:33.547	0.00	172.5714	-23.7018	1	292.470001	292.660004
2020-02-05 16:22:34.485	0.00	172.6007	-23.7098	1	292.450012	292.660004
2020-02-05 16:22:35.438	0.00	172.5637	-23.7057	1	292.459991	292.670013
2020-02-05 16:22:36.344	0.00	172.7240	-23.7059	1	292.459991	292.670013
2020-02-05 16:22:37.308	0.00	172.7383	-23.7031	1	292.459991	292.660004
2020-02-05 16:22:38.248	0.00	172.8040	-23.7044	1	292.450012	292.670013
2020-02-05 16:22:39.187	0.00	172.8952	-23.7027	1	292.470001	292.670013
2020-02-05 16:22:40.116	0.00	172.8385	-23.7002	1	292.459991	292.670013
2020-02-05 16:22:41.065	0.00	172.9280	-23.7040	1	292.470001	292.670013
2020-02-05 16:22:42.013	0.00	172.8314	-23.6979	1	292.470001	292.670013
2020-02-05 16:22:42.948	0.00	172.8696	-23.6989	1	292.470001	292.670013
2020-02-05 16:22:43.879	0.00	172.7929	-23.6968	1	292.450012	292.670013
2020-02-05 16:22:44.824	0.00	172.7432	-23.7025	1	292.470001	292.670013
2020-02-05 16:22:45.752	0.00	172.7264	-23.6949	1	292.480011	292.660004
2020-02-05 16:22:46.678	0.00	172.7389	-23.6953	1	292.459991	292.660004
2020-02-05 16:22:47.624	0.00	172.8611	-23.6939	1	292.470001	292.660004
2020-02-05 16:22:48.569	0.00	172.8496	-23.6975	1	292.470001	292.660004
2020-02-05 16:22:49.489	0.00	172.9466	-23.6983	1	292.470001	292.670013
2020-02-05 16:22:50.443	0.00	172.8782	-23.6928	1	292.480011	292.670013
2020-02-05 16:22:51.368	0.00	172.8557	-23.6961	1	292.470001	292.660004
2020-02-05 16:22:52.304	0.00	172.8319	-23.6909	1	292.489990	292.649994
2020-02-05 16:22:53.233	0.00	172.8061	-23.6949	1	292.470001	292.649994
2020-02-05 16:22:54.176	0.00	172.8446	-23.6981	1	292.470001	292.660004
2020-02-05 16:22:55.111	0.00	172.7836	-23.7012	1	292.470001	292.660004
2020-02-05 16:22:56.067	0.00	172.9023	-23.6987	1	292.480011	292.679993
2020-02-05 16:22:56.989	0.00	172.7685	-23.7012	1	292.450012	292.670013
2020-02-05 16:22:57.917	0.00	172.8535	-23.7024	1	292.470001	292.679993
2020-02-05 16:22:58.879	0.00	172.7921	-23.7053	1	292.470001	292.660004
2020-02-05 16:22:59.827	0.00	172.7693	-23.7012	1	292.480011	292.660004
2020-02-05 16:23:00.743	0.00	172.8156	-23.7047	1	292.480011	292.679993
2020-02-05 16:23:01.689	0.00	172.6955	-23.7045	1	292.480011	292.660004
2020-02-05 16:23:02.625	0.00	172.8344	-23.6998	1	292.480011	292.660004
2020-02-05 16:23:03.558	0.00	172.8642	-23.7008	1	292.470001	292.670013
2020-02-05 16:23:04.525	0.00	172.9491	-23.7011	1	292.470001	292.660004
2020-02-05 16:23:05.453	0.00	172.9518	-23.7004	1	292.470001	292.670013
2020-02-05 16:23:06.376	0.00	172.9074	-23.7060	1	292.470001	292.660004
2020-02-05 16:23:07.375	0.00	172.9730	-23.7043	1	292.480011	292.670013
2020-02-05 16:23:08.253	0.00	172.9682	-23.6983	1	292.480011	292.670013
2020-02-05 16:23:09.208	0.00	173.0005	-23.6959	1	292.480011	292.670013
2020-02-05 16:23:10.148	0.00	173.0141	-23.7000	1	292.489990	292.660004
2020-02-05 16:23:11.102	0.00	173.0127	-23.6975	1	292.470001	292.660004
2020-02-05 16:23:12.032	0.00	173.0448	-23.6976	1	292.480011	292.660004
2020-02-05 16:23:12.939	0.00	173.0117	-23.6929	1	292.480011	292.660004
2020-02-05 16:23:13.885	0.00	173.0374	-23.6979	1	292.470001	292.670013
2020-02-05 16:23:14.837	0.00	172.8749	-23.6937	1	292.459991	292.660004
2020-02-05 16:23:15.764	0.00	172.9014	-23.6923	1	292.470001	292.649994
2020-02-05 16:23:16.706	0.00	172.8194	-23.6874	1	292.470001	292.660004
2020-02-05 16:23:17.644	0.00	172.8305	-23.6910	1	292.470001	292.670013
2020-02-05 16:23:18.580	0.00	172.8571	-23.6942	1	292.480011	292.660004
2020-02-05 16:23:19.520	0.00	172.7935	-23.6946	1	292.470001	292.649994
2020-02-05 16:23:20.449	0.00	172.9149	-23.6893	1	292.470001	292.660004
2020-02-05 16:23:21.396	0.00	172.9428	-23.6893	1	292.470001	292.660004
2020-02-05 16:23:22.348	0.00	173.0848	-23.6933	1	292.470001	292.660004
2020-02-05 16:23:23.266	0.00	173.0972	-23.6906	1	292.459991	292.670013
2020-02-05 16:23:24.214	0.00	173.1047	-23.6886	1	292.480011	292.660004
2020-02-05 16:23:25.164	0.00	173.1729	-23.6848	1	292.470001	292.660004
2020-02-05 16:23:26.121	0.00	173.0759	-23.6896	1	292.480011	292.660004
2020-02-05 16:23:27.045	0.00	173.1083	-23.6841	1	292.470001	292.649994
2020-02-05 16:23:27.978	0.00	173.1497	-23.6907	1	292.470001	292.660004
2020-02-05 16:23:28.923	0.00	173.2455	-23.6946	1	292.470001	292.660004
2020-02-05 16:23:29.869	0.00	173.4082	-23.6911	1	292.470001	292.660004
2020-02-05 16:23:30.804	0.00	173.2935	-23.6929	1	292.470001	292.660004
2020-02-05 16:23:31.758	0.00	173.3224	-23.6935	1	292.459991	292.670013
2020-02-05 16:23:32.691	0.00	173.2540	-23.6910	1	292.470001	292.660004
2020-02-05 16:23:33.628	0.00	173.2114	-23.6893	1	292.470001	292.660004
2020-02-05 16:23:34.574	0.00	173.1151	-23.6856	1	292.450012	292.649994
2020-02-05 16:23:35.497	0.00	172.9714	-23.6892	1	292.450012	292.649994
2020-02-05 16:23:36.446	0.00	172.9634	-23.6885	1	292.470001	292.670013
2020-02-05 16:23:37.381	0.00	172.8519	-23.6886	1	292.459991	292.670013
2020-02-05 16:23:38.321	0.00	172.8520	-23.6911	1	292.459991	292.660004
2020-02-05 16:23:39.276	0.00	172.8223	-23.6872	1	292.470001	292.660004
2020-02-05 16:23:40.212	0.00	172.7675	-23.6827	1	292.450012	292.660004
2020-02-05 16:23:41.156	0.00	172.8300	-23.6805	1	292.470001	292.660004
2020-02-05 16:23:42.118	0.00	172.8291	-23.6839	1	292.470001	292.670013
2020-02-05 16:23:43.058	0.00	172.9450	-23.6670	1	292.459991	292.660004
2020-02-05 16:23:43.996	0.00	172.9323	-23.6829	1	292.470001	292.660004
2020-02-05 16:23:44.923	0.00	172.8254	-23.6891	1	292.459991	292.660004
2020-02-05 16:23:45.853	0.00	172.8749	-23.6814	1	292.450012	292.660004
2020-02-05 16:23:46.802	0.00	172.7802	-23.6840	1	292.459991	292.649994
2020-02-05 16:23:47.712	0.00	172.8580	-23.6900	1	292.459991	292.660004
2020-02-05 16:23:48.707	0.00	172.8758	-23.6836	1	292.450012	292.649994
2020-02-05 16:23:49.618	0.00	172.9086	-23.6849	1	292.450012	292.649994
2020-02-05 16:23:50.553	0.00	172.9814	-23.6876	1	292.470001	292.660004
2020-02-05 16:23:51.495	0.00	172.9005	-23.6850	1	292.450012	292.670013
2020-02-05 16:23:52.435	0.00	172.9299	-23.6874	1	292.470001	292.640015
2020-02-05 16:23:53.372	0.00	172.8047	-23.6732	1	292.470001	292.649994
2020-02-05 16:23:54.318	0.00	172.8019	-23.6793	1	292.459991	292.660004
2020-02-05 16:23:55.259	0.00	172.8571	-23.6843	1	292.450012	292.670013
2020-02-05 16:23:56.208	0.00	172.8181	-23.6821	1	292.459991	292.660004
2020-02-05 16:23:57.137	0.00	172.9003	-23.6756	1	292.459991	292.660004
2020-02-05 16:23:58.060	0.00	172.8173	-23.6693	1	292.459991	292.660004
2020-02-05 16:23:59.008	0.00	172.9283	-23.6789	1	292.440002	292.660004
2020-02-05 16:23:59.942	0.00	172.9262	-23.6786	1	292.459991	292.640015
2020-02-05 16:24:00.883	0.00	172.9753	-23.6784	1	292.459991	292.670013
2020-02-05 16:24:01.824	0.00	172.9947	-23.6845	1	292.459991	292.649994
2020-02-05 16:24:02.755	0.00	172.9447	-23.6903	1	292.459991	292.660004
2020-02-05 16:24:03.697	0.00	172.8972	-23.6952	1	292.459991	292.660004
2020-02-05 16:24:04.614	0.00	172.7699	-23.6880	1	292.450012	292.670013
2020-02-05 16:24:05.539	0.00	172.7626	-23.6838	1	292.480011	292.660004
2020-02-05 16:24:06.525	0.00	172.6236	-23.6626	1	292.459991	292.660004
2020-02-05 16:24:07.441	0.00	172.6358	-23.6686	1	292.459991	292.660004
2020-02-05 16:24:08.385	0.00	172.5514	-23.6778	1	292.470001	292.660004
2020-02-05 16:24:09.322	0.00	172.4824	-23.6647	1	292.440002	292.660004
2020-02-05 16:24:10.260	0.00	172.5806	-23.6688	1	292.450012	292.660004
2020-02-05 16:24:11.198	0.00	172.4778	-23.6764	1	292.450012	292.679993
2020-02-05 16:24:12.145	0.00	172.5665	-23.6740	1	292.459991	292.660004
2020-02-05 16:24:13.077	0.00	172.6036	-23.6781	1	292.450012	292.660004
2020-02-05 16:24:14.029	0.00	172.6308	-23.6658	1	292.450012	292.660004
2020-02-05 16:24:14.963	0.00	172.6821	-23.6633	1	292.450012	292.660004
2020-02-05 16:24:15.925	0.00	172.6304	-23.6688	1	292.470001	292.649994
2020-02-05 16:24:16.816	0.00	172.7809	-23.6723	1	292.459991	292.660004
2020-02-05 16:24:17.777	0.00	172.7342	-23.6691	1	292.459991	292.670013
2020-02-05 16:24:18.721	0.00	172.7254	-23.6739	1	292.470001	292.649994
2020-02-05 16:24:19.693	0.00	172.7294	-23.6809	1	292.470001	292.660004
2020-02-05 16:24:20.601	0.00	172.7493	-23.6834	1	292.450012	292.649994
2020-02-05 16:24:21.557	0.00	172.8451	-23.6700	1	292.459991	292.670013
2020-02-05 16:24:22.515	0.00	172.8059	-23.6784	1	292.450012	292.670013
2020-02-05 16:24:23.422	0.00	172.8691	-23.6729	1	292.450012	292.660004
2020-02-05 16:24:24.355	0.00	172.8855	-23.6723	1	292.450012	292.660004
2020-02-05 16:24:25.304	0.00	172.8559	-23.6801	1	292.450012	292.660004
2020-02-05 16:24:26.251	0.00	172.9265	-23.6541	1	292.459991	292.670013
2020-02-05 16:24:27.196	0.00	172.8825	-23.6471	1	292.450012	292.660004
2020-02-05 16:24:28.128	0.00	173.0084	-23.6521	1	292.459991	292.660004
2020-02-05 16:24:29.066	0.00	172.9387	-23.6539	1	292.459991	292.670013
2020-02-05 16:24:30.016	0.00	172.8888	-23.6340	1	292.450012	292.670013
2020-02-05 16:24:30.954	0.00	172.8353	-23.6579	1	292.450012	292.670013
2020-02-05 16:24:31.911	0.00	172.7673	-23.6421	1	292.450012	292.660004
2020-02-05 16:24:32.848	0.00	172.8532	-23.6543	1	292.470001	292.660004
2020-02-05 16:24:33.772	0.00	172.7783	-23.6584	1	292.450012	292.640015
2020-02-05 16:24:34.707	0.00	172.7749	-23.6625	1	292.440002	292.660004
2020-02-05 16:24:35.648	0.00	172.8306	-23.6664	1	292.440002	292.660004
2020-02-05 16:24:36.581	0.00	172.8156	-23.6527	1	292.440002	292.660004
2020-02-05 16:24:37.558	0.00	172.8831	-23.6549	1	292.450012	292.660004
2020-02-05 16:24:38.483	0.00	172.8473	-23.6505	1	292.450012	292.660004
2020-02-05 16:24:39.430	0.00	172.8791	-23.6391	1	292.450012	292.660004
2020-02-05 16:24:40.370	0.00	172.9096	-23.6661	1	292.450012	292.660004
2020-02-05 16:24:41.303	0.00	172.9306	-23.6744	1	292.440002	292.649994
2020-02-05 16:24:42.265	0.00	172.9829	-23.6706	1	292.440002	292.660004
2020-02-05 16:24:43.192	0.00	172.9498	-23.6579	1	292.450012	292.649994
2020-02-05 16:24:44.121	0.00	172.8881	-23.6746	1	292.440002	292.670013
2020-02-05 16:24:45.074	0.00	172.8698	-23.6801	1	292.440002	292.679993
2020-02-05 16:24:46.010	0.00	172.7331	-23.6786	1	292.440002	292.649994
2020-02-05 16:24:46.967	0.00	172.7428	-23.6872	1	292.450012	292.660004
2020-02-05 16:24:47.898	0.00	172.7115	-23.6842	1	292.440002	292.660004
2020-02-05 16:24:48.837	0.00	172.7769	-23.6693	1	292.440002	292.660004
2020-02-05 16:24:49.783	0.00	172.8537	-23.6733	1	292.429993	292.660004
2020-02-05 16:24:50.698	0.00	172.8331	-23.6789	1	292.440002	292.670013
2020-02-05 16:24:51.679	0.00	172.9878	-23.6740	1	292.440002	292.660004
2020-02-05 16:24:52.600	0.00	172.9340	-23.6714	1	292.429993	292.670013
2020-02-05 16:24:53.534	0.00	172.9404	-23.6718	1	292.450012	292.660004
2020-02-05 16:24:54.487	0.00	172.9833	-23.6609	1	292.429993	292.670013
2020-02-05 16:24:55.435	0.00	172.9433	-23.6642	1	292.440002	292.660004
2020-02-05 16:24:56.359	0.00	172.9804	-23.6694	1	292.450012	292.649994
2020-02-05 16:24:57.326	0.00	172.9832	-23.6710	1	292.440002	292.660004
2020-02-05 16:24:58.268	0.00	172.9456	-23.6604	1	292.440002	292.670013
2020-02-05 16:24:59.231	0.00	172.9595	-23.6666	1	292.440002	292.670013
2020-02-05 16:25:00.160	0.00	172.8693	-23.6603	1	292.440002	292.660004
2020-02-05 16:25:01.091	0.00	173.0056	-23.6678	1	292.440002	292.660004
2020-02-05 16:25:02.000	0.00	173.0139	-23.6689	1	292.440002	292.660004
2020-02-05 16:25:02.957	0.00	173.0901	-23.6672	1	292.429993	292.660004
2020-02-05 16:25:03.877	0.00	173.0159	-23.6726	1	292.450012	292.660004
2020-02-05 16:25:04.819	0.00	173.0338	-23.6605	1	292.440002	292.660004
2020-02-05 16:25:05.705	0.00	172.9689	-23.6370	1	292.440002	292.670013
2020-02-05 16:25:06.690	0.00	172.9140	-23.6455	1	292.440002	292.649994
2020-02-05 16:25:07.641	0.00	172.9684	-23.6720	1	292.440002	292.679993
2020-02-05 16:25:08.581	0.00	172.8357	-23.6633	1	292.429993	292.679993
2020-02-05 16:25:09.509	0.00	172.9071	-23.6510	1	292.440002	292.660004
2020-02-05 16:25:10.463	0.00	172.8722	-23.6436	1	292.429993	292.679993
2020-02-05 16:25:11.414	0.00	172.9715	-23.6404	1	292.429993	292.679993
2020-02-05 16:25:12.326	0.00	173.0734	-23.6474	1	292.429993	292.679993
2020-02-05 16:25:13.272	0.00	173.0998	-23.6775	1	292.440002	292.660004
2020-02-05 16:25:14.214	0.00	173.2146	-23.6716	1	292.420013	292.660004
2020-02-05 16:25:15.145	0.00	173.1849	-23.6565	1	292.440002	292.670013
2020-02-05 16:25:16.099	0.00	173.2419	-23.6545	1	292.429993	292.670013
2020-02-05 16:25:17.030	0.00	173.3545	-23.6694	1	292.429993	292.670013
2020-02-05 16:25:17.969	0.00	173.3172	-23.6740	1	292.420013	292.660004
2020-02-05 16:25:18.922	0.00	173.4132	-23.6737	1	292.429993	292.679993
2020-02-05 16:25:19.859	0.00	173.3856	-23.6690	1	292.429993	292.670013
2020-02-05 16:25:20.833	0.00	173.4077	-23.6698	1	292.420013	292.679993
2020-02-05 16:25:21.748	0.00	173.4047	-23.6726	1	292.420013	292.679993
2020-02-05 16:25:22.700	0.00	173.3492	-23.6723	1	292.429993	292.679993
2020-02-05 16:25:23.650	0.00	173.3904	-23.6703	1	292.429993	292.670013
2020-02-05 16:25:24.585	0.00	173.2598	-23.6739	1	292.429993	292.670013
2020-02-05 16:25:25.512	0.00	173.2982	-23.6798	1	292.420013	292.670013
2020-02-05 16:25:26.458	0.00	173.3499	-23.6805	1	292.420013	292.670013
2020-02-05 16:25:27.388	0.00	173.3646	-23.6801	1	292.429993	292.679993
2020-02-05 16:25:28.344	0.00	173.4721	-23.6744	1	292.429993	292.670013
2020-02-05 16:25:29.289	0.00	173.3258	-23.6600	1	292.420013	292.679993
2020-02-05 16:25:30.263	0.00	173.2995	-23.6695	1	292.440002	292.660004
2020-02-05 16:25:31.180	0.00	173.2133	-23.6583	1	292.429993	292.679993
2020-02-05 16:25:32.117	0.00	173.1810	-23.6425	1	292.440002	292.679993
2020-02-05 16:25:33.064	0.00	173.2596	-23.6344	1	292.420013	292.679993
2020-02-05 16:25:34.005	0.00	173.1979	-23.6429	1	292.429993	292.670013
2020-02-05 16:25:34.948	0.00	173.1330	-23.6577	1	292.420013	292.679993
2020-02-05 16:25:35.883	0.00	173.1396	-23.6603	1	292.429993	292.679993
2020-02-05 16:25:36.840	0.00	173.0948	-23.6577	1	292.429993	292.679993
2020-02-05 16:25:37.769	0.00	173.2193	-23.6515	1	292.420013	292.670013
2020-02-05 16:25:38.702	0.00	173.1353	-23.6601	1	292.429993	292.660004
2020-02-05 16:25:39.660	0.00	173.0676	-23.6732	1	292.440002	292.670013
2020-02-05 16:25:40.595	0.00	173.1166	-23.6796	1	292.420013	292.670013
2020-02-05 16:25:41.550	0.00	173.0537	-23.6750	1	292.440002	292.660004
2020-02-05 16:25:42.476	0.00	173.1881	-23.6852	1	292.429993	292.679993
2020-02-05 16:25:43.409	0.00	173.1923	-23.6775	1	292.420013	292.690002
2020-02-05 16:25:44.368	0.00	173.3193	-23.6602	1	292.429993	292.660004
2020-02-05 16:25:45.303	0.00	173.3572	-23.6586	1	292.429993	292.670013
2020-02-05 16:25:46.256	0.00	173.3478	-23.6402	1	292.420013	292.670013
2020-02-05 16:25:47.179	0.00	173.3800	-23.6567	1	292.420013	292.679993
2020-02-05 16:25:48.116	0.00	173.3716	-23.6531	1	292.420013	292.670013
2020-02-05 16:25:49.067	0.00	173.4969	-23.6472	1	292.429993	292.660004
2020-02-05 16:25:50.016	0.00	173.5901	-23.6542	1	292.429993	292.670013
2020-02-05 16:25:50.940	0.00	173.5799	-23.6582	1	292.410004	292.670013
2020-02-05 16:25:51.888	0.00	173.6121	-23.6662	1	292.429993	292.660004
2020-02-05 16:25:52.851	0.00	173.5235	-23.6750	1	292.420013	292.679993
2020-02-05 16:25:53.759	0.00	173.5561	-23.6664	1	292.420013	292.670013
2020-02-05 16:25:54.702	0.00	173.4845	-23.6465	1	292.429993	292.679993
2020-02-05 16:25:55.641	0.00	173.5408	-23.6477	1	292.420013	292.670013
2020-02-05 16:25:56.589	0.00	173.5565	-23.6523	1	292.429993	292.679993
2020-02-05 16:25:57.523	0.00	173.4727	-23.6505	1	292.420013	292.670013
2020-02-05 16:25:58.469	0.00	173.5430	-23.6558	1	292.429993	292.660004
2020-02-05 16:25:59.404	0.00	173.4897	-23.6523	1	292.420013	292.679993
2020-02-05 16:26:00.343	0.00	173.5147	-23.6498	1	292.420013	292.670013
2020-02-05 16:26:01.293	0.00	173.4631	-23.6495	1	292.429993	292.670013
2020-02-05 16:26:02.202	0.00	173.4450	-23.6404	1	292.429993	292.670013
2020-02-05 16:26:03.155	0.00	173.4291	-23.6487	1	292.420013	292.660004
2020-02-05 16:26:04.095	0.00	173.3360	-23.6553	1	292.429993	292.679993
2020-02-05 16:26:05.024	0.00	173.4734	-23.6703	1	292.420013	292.670013
2020-02-05 16:26:05.980	0.00	173.5203	-23.6729	1	292.420013	292.670013
2020-02-05 16:26:06.916	0.00	173.5346	-23.6666	1	292.440002	292.660004
2020-02-05 16:26:07.869	0.00	173.5387	-23.6497	1	292.420013	292.660004
2020-02-05 16:26:08.817	0.00	173.5004	-23.6448	1	292.420013	292.660004
2020-02-05 16:26:09.744	0.00	173.4926	-23.6368	1	292.429993	292.670013
2020-02-05 16:26:10.707	0.00	173.4384	-23.6474	1	292.410004	292.670013
2020-02-05 16:26:11.622	0.00	173.4658	-23.6556	1	292.429993	292.660004
2020-02-05 16:26:12.577	0.00	173.5112	-23.6508	1	292.440002	292.660004
2020-02-05 16:26:13.529	0.00	173.4643	-23.6550	1	292.429993	292.660004
2020-02-05 16:26:14.471	0.00	173.5717	-23.6460	1	292.420013	292.679993
2020-02-05 16:26:15.409	0.00	173.6082	-23.6451	1	292.420013	292.670013
2020-02-05 16:26:16.350	0.00	173.6358	-23.6322	1	292.429993	292.660004
2020-02-05 16:26:17.324	0.00	173.6755	-23.6475	1	292.440002	292.670013
2020-02-05 16:26:18.236	0.00	173.5422	-23.6521	1	292.429993	292.670013
2020-02-05 16:26:19.166	0.00	173.6049	-23.6558	1	292.429993	292.660004
2020-02-05 16:26:20.101	0.00	173.4756	-23.6347	1	292.429993	292.660004
2020-02-05 16:26:21.035	0.00	173.4790	-23.6529	1	292.429993	292.660004
2020-02-05 16:26:22.011	0.00	173.4329	-23.6453	1	292.420013	292.660004
2020-02-05 16:26:22.927	0.00	173.4580	-23.6443	1	292.420013	292.670013
2020-02-05 16:26:23.876	0.00	173.4652	-23.6342	1	292.420013	292.679993
2020-02-05 16:26:24.816	0.00	173.3776	-23.6346	1	292.420013	292.660004
2020-02-05 16:26:25.740	0.00	173.4375	-23.6459	1	292.429993	292.660004
2020-02-05 16:26:26.686	0.00	173.3622	-23.6464	1	292.429993	292.679993
2020-02-05 16:26:27.619	0.00	173.3678	-23.6520	1	292.440002	292.660004
2020-02-05 16:26:28.564	0.00	173.3288	-23.6515	1	292.420013	292.670013
2020-02-05 16:26:29.506	0.00	173.2459	-23.6622	1	292.440002	292.670013
2020-02-05 16:26:30.448	0.00	173.2866	-23.6476	1	292.440002	292.660004
2020-02-05 16:26:31.398	0.00	173.2173	-23.6517	1	292.410004	292.690002
2020-02-05 16:26:32.324	0.00	173.1509	-23.6388	1	292.440002	292.670013
2020-02-05 16:26:33.290	0.00	173.1631	-23.6446	1	292.420013	292.670013
2020-02-05 16:26:34.211	0.00	173.0974	-23.6523	1	292.440002	292.660004
2020-02-05 16:26:35.141	0.00	173.1564	-23.6579	1	292.440002	292.660004
2020-02-05 16:26:36.094	0.00	173.0633	-23.6514	1	292.440002	292.670013
2020-02-05 16:26:37.041	0.00	173.1451	-23.6712	1	292.440002	292.670013
2020-02-05 16:26:37.979	0.00	173.0988	-23.6781	1	292.440002	292.670013
2020-02-05 16:26:38.942	0.00	172.9910	-23.6769	1	292.429993	292.660004
2020-02-05 16:26:39.862	0.00	173.0360	-23.6674	1	292.440002	292.660004
2020-02-05 16:26:40.778	0.00	172.9171	-23.6480	1	292.440002	292.660004
2020-02-05 16:26:41.735	0.00	172.9081	-23.6607	1	292.440002	292.660004
2020-02-05 16:26:42.671	0.00	172.8685	-23.6789	1	292.440002	292.660004
2020-02-05 16:26:43.626	0.00	172.8592	-23.6672	1	292.429993	292.660004
2020-02-05 16:26:44.564	0.00	172.9516	-23.6527	1	292.440002	292.670013
2020-02-05 16:26:45.505	0.00	172.9753	-23.6411	1	292.440002	292.649994
2020-02-05 16:26:46.426	0.00	173.0760	-23.6323	1	292.440002	292.660004
2020-02-05 16:26:47.378	0.00	173.0058	-23.6468	1	292.450012	292.660004
2020-02-05 16:26:48.308	0.00	173.0589	-23.6660	1	292.450012	292.670013
2020-02-05 16:26:49.243	0.00	173.0511	-23.6659	1	292.450012	292.660004
2020-02-05 16:26:50.202	0.00	173.0590	-23.6541	1	292.429993	292.670013
2020-02-05 16:26:51.113	0.00	173.0518	-23.6602	1	292.450012	292.670013
2020-02-05 16:26:52.059	0.00	172.9918	-23.6554	1	292.450012	292.660004
2020-02-05 16:26:52.985	0.00	172.9975	-23.6424	1	292.440002	292.670013
2020-02-05 16:26:53.912	0.00	172.8449	-23.6426	1	292.440002	292.670013
2020-02-05 16:26:54.838	0.00	172.8679	-23.6506	1	292.440002	292.649994
2020-02-05 16:26:55.789	0.00	172.8277	-23.6550	1	292.440002	292.649994
2020-02-05 16:26:56.715	0.00	172.9117	-23.6706	1	292.429993	292.660004
2020-02-05 16:26:57.655	0.00	172.8408	-23.6487	1	292.429993	292.660004
2020-02-05 16:26:58.609	0.00	172.9568	-23.6534	1	292.429993	292.670013
2020-02-05 16:26:59.545	0.00	172.9420	-23.6491	1	292.429993	292.660004
2020-02-05 16:27:00.498	0.00	172.8934	-23.6486	1	292.429993	292.670013
2020-02-05 16:27:01.433	0.00	172.9854	-23.6450	1	292.429993	292.660004
2020-02-05 16:27:02.389	0.00	172.9498	-23.6532	1	292.450012	292.660004
2020-02-05 16:27:03.312	0.00	173.0468	-23.6604	1	292.429993	292.670013
2020-02-05 16:27:04.244	0.00	173.0609	-23.6471	1	292.440002	292.660004
2020-02-05 16:27:05.156	0.00	173.1400	-23.6342	1	292.440002	292.660004
2020-02-05 16:27:06.101	0.00	173.0797	-23.6170	1	292.440002	292.649994
2020-02-05 16:27:07.037	0.00	173.0276	-23.6174	1	292.420013	292.660004
2020-02-05 16:27:07.965	0.00	173.0377	-23.6238	1	292.429993	292.679993
2020-02-05 16:27:08.901	0.00	172.9851	-23.6197	1	292.420013	292.679993
2020-02-05 16:27:09.829	0.00	173.0106	-23.6278	1	292.440002	292.660004
2020-02-05 16:27:10.760	0.00	173.0698	-23.6100	1	292.420013	292.670013
2020-02-05 16:27:11.689	0.00	173.1721	-23.6265	1	292.440002	292.670013
2020-02-05 16:27:12.627	0.00	173.0887	-23.6407	1	292.440002	292.670013
2020-02-05 16:27:13.585	0.00	173.1707	-23.6411	1	292.420013	292.660004
2020-02-05 16:27:14.500	0.00	173.1521	-23.6360	1	292.420013	292.660004
2020-02-05 16:27:15.443	0.00	173.2862	-23.6370	1	292.420013	292.670013
2020-02-05 16:27:16.398	0.00	173.3385	-23.6371	1	292.429993	292.670013
2020-02-05 16:27:17.322	0.00	173.3928	-23.6454	1	292.420013	292.670013
2020-02-05 16:27:18.278	0.00	173.3908	-23.6408	1	292.440002	292.670013
2020-02-05 16:27:19.194	0.00	173.2649	-23.6392	1	292.420013	292.679993
2020-02-05 16:27:20.167	0.00	173.2296	-23.6375	1	292.429993	292.660004
2020-02-05 16:27:21.082	0.00	173.1568	-23.6336	1	292.440002	292.679993
2020-02-05 16:27:22.016	0.00	173.1591	-23.6251	1	292.440002	292.660004
2020-02-05 16:27:22.967	0.00	173.2051	-23.6164	1	292.429993	292.670013
2020-02-05 16:27:23.911	0.00	173.2148	-23.6217	1	292.429993	292.679993
2020-02-05 16:27:24.831	0.00	173.2720	-23.6155	1	292.440002	292.660004
2020-02-05 16:27:25.774	0.00	173.1878	-23.6238	1	292.410004	292.660004
2020-02-05 16:27:26.692	0.00	173.2749	-23.6258	1	292.420013	292.670013
2020-02-05 16:27:27.662	0.00	173.2561	-23.6143	1	292.420013	292.670013
2020-02-05 16:27:28.584	0.00	173.2197	-23.6147	1	292.429993	292.679993
2020-02-05 16:27:29.536	0.00	173.2640	-23.6223	1	292.440002	292.660004
2020-02-05 16:27:30.491	0.00	173.2948	-23.6161	1	292.420013	292.679993
2020-02-05 16:27:31.422	0.00	173.3730	-23.6171	1	292.420013	292.670013
2020-02-05 16:27:32.343	0.00	173.3630	-23.6160	1	292.429993	292.679993
2020-02-05 16:27:33.286	0.00	173.4853	-23.6148	1	292.429993	292.679993
2020-02-05 16:27:34.208	0.00	173.4331	-23.6313	1	292.410004	292.679993
2020-02-05 16:27:35.173	0.00	173.4801	-23.6373	1	292.410004	292.679993
2020-02-05 16:27:36.100	0.00	173.5733	-23.6340	1	292.410004	292.660004
2020-02-05 16:27:37.040	0.00	173.5601	-23.6316	1	292.410004	292.660004
2020-02-05 16:27:37.983	0.00	173.5940	-23.6407	1	292.410004	292.660004
2020-02-05 16:27:38.934	0.00	173.5931	-23.6317	1	292.420013	292.670013
2020-02-05 16:27:39.868	0.00	173.6102	-23.6255	1	292.410004	292.670013
2020-02-05 16:27:40.799	0.00	173.5694	-23.6160	1	292.420013	292.679993
2020-02-05 16:27:41.741	0.00	173.4509	-23.6176	1	292.420013	292.679993
2020-02-05 16:27:42.697	0.00	173.4897	-23.6101	1	292.420013	292.679993
2020-02-05 16:27:43.670	0.00	173.4357	-23.5902	1	292.410004	292.660004
2020-02-05 16:27:44.557	0.00	173.5228	-23.6260	1	292.420013	292.670013
2020-02-05 16:27:45.542	0.00	173.6235	-23.6277	1	292.399994	292.660004
2020-02-05 16:27:46.435	0.00	173.5845	-23.6158	1	292.410004	292.660004
2020-02-05 16:27:47.421	0.00	173.6012	-23.6413	1	292.410004	292.670013
2020-02-05 16:27:48.350	0.00	173.5706	-23.6467	1	292.420013	292.679993
2020-02-05 16:27:49.290	0.00	173.5801	-23.6228	1	292.390015	292.660004
2020-02-05 16:27:50.229	0.00	173.6176	-23.6090	1	292.410004	292.670013
2020-02-05 16:27:51.170	0.00	173.4863	-23.6181	1	292.410004	292.670013
2020-02-05 16:27:52.122	0.00	173.4931	-23.6321	1	292.410004	292.660004
2020-02-05 16:27:53.042	0.00	173.4088	-23.6243	1	292.410004	292.679993
2020-02-05 16:27:53.998	0.00	173.4134	-23.6505	1	292.410004	292.679993
2020-02-05 16:27:54.949	0.00	173.4183	-23.6559	1	292.399994	292.660004
2020-02-05 16:27:55.875	0.00	173.3418	-23.6669	1	292.399994	292.679993
2020-02-05 16:27:56.831	0.00	173.3775	-23.6706	1	292.410004	292.679993
2020-02-05 16:27:57.765	0.00	173.2942	-23.6673	1	292.399994	292.679993
2020-02-05 16:27:58.716	0.00	173.2959	-23.6557	1	292.420013	292.679993
2020-02-05 16:27:59.664	0.00	173.3335	-23.6624	1	292.410004	292.660004
2020-02-05 16:28:00.584	0.00	173.2983	-23.6608	1	292.420013	292.670013
2020-02-05 16:28:01.536	0.00	173.3620	-23.6683	1	292.410004	292.649994
2020-02-05 16:28:02.487	0.00	173.3355	-23.6702	1	292.399994	292.660004
2020-02-05 16:28:03.440	0.00	173.3450	-23.6615	1	292.410004	292.670013
2020-02-05 16:28:04.365	0.00	173.4490	-23.6696	1	292.420013	292.660004
2020-02-05 16:28:05.287	0.00	173.3175	-23.6747	1	292.410004	292.679993
2020-02-05 16:28:06.275	0.00	173.3416	-23.6830	1	292.410004	292.660004
2020-02-05 16:28:07.186	0.00	173.2741	-23.6678	1	292.410004	292.670013
2020-02-05 16:28:08.120	0.00	173.2373	-23.6685	1	292.390015	292.670013
2020-02-05 16:28:09.072	0.00	173.3207	-23.6618	1	292.410004	292.660004
2020-02-05 16:28:09.990	0.00	173.2830	-23.6694	1	292.390015	292.679993
2020-02-05 16:28:10.961	0.00	173.2887	-23.6650	1	292.410004	292.660004
2020-02-05 16:28:11.897	0.00	173.1862	-23.6601	1	292.399994	292.670013
2020-02-05 16:28:12.837	0.00	173.1490	-23.6581	1	292.399994	292.670013
2020-02-05 16:28:13.780	0.00	173.1777	-23.6566	1	292.410004	292.649994
2020-02-05 16:28:14.732	0.00	173.1521	-23.6601	1	292.399994	292.660004
2020-02-05 16:28:15.656	0.00	173.2811	-23.6513	1	292.410004	292.670013
2020-02-05 16:28:16.598	0.00	173.2948	-23.6333	1	292.410004	292.660004
2020-02-05 16:28:17.564	0.00	173.3129	-23.6196	1	292.399994	292.660004
2020-02-05 16:28:18.504	0.00	173.3630	-23.6317	1	292.399994	292.670013
2020-02-05 16:28:19.446	0.00	173.2639	-23.6286	1	292.399994	292.660004
2020-02-05 16:28:20.402	0.00	173.2816	-23.6256	1	292.399994	292.670013
2020-02-05 16:28:21.338	0.00	173.2966	-23.6357	1	292.399994	292.660004
2020-02-05 16:28:22.289	0.00	173.2251	-23.6277	1	292.390015	292.660004
2020-02-05 16:28:23.213	0.00	173.3132	-23.6440	1	292.399994	292.660004
2020-02-05 16:28:24.149	0.00	173.2391	-23.6319	1	292.399994	292.660004
2020-02-05 16:28:25.096	0.00	173.2539	-23.6322	1	292.399994	292.670013
2020-02-05 16:28:26.034	0.00	173.2396	-23.6270	1	292.410004	292.670013
2020-02-05 16:28:26.984	0.00	173.1693	-23.6301	1	292.390015	292.670013
2020-02-05 16:28:27.925	0.00	173.2286	-23.6413	1	292.399994	292.660004
2020-02-05 16:28:28.839	0.00	173.0863	-23.6306	1	292.399994	292.670013
2020-02-05 16:28:29.800	0.00	173.1847	-23.6278	1	292.410004	292.670013
2020-02-05 16:28:30.739	0.00	173.2502	-23.6336	1	292.410004	292.660004
2020-02-05 16:28:31.691	0.00	173.2123	-23.6405	1	292.399994	292.660004
2020-02-05 16:28:32.654	0.00	173.2608	-23.6187	1	292.399994	292.679993
2020-02-05 16:28:33.580	0.00	173.2421	-23.6170	1	292.399994	292.679993
2020-02-05 16:28:34.504	0.00	173.2327	-23.6396	1	292.399994	292.660004
2020-02-05 16:28:35.456	0.00	173.2554	-23.5978	1	292.410004	292.660004
2020-02-05 16:28:36.416	0.00	173.1395	-23.6249	1	292.390015	292.670013
2020-02-05 16:28:37.335	0.00	173.1659	-23.6342	1	292.399994	292.660004
2020-02-05 16:28:38.293	0.00	173.0658	-23.6330	1	292.399994	292.660004
2020-02-05 16:28:39.231	0.00	172.9978	-23.6421	1	292.390015	292.670013
2020-02-05 16:28:40.186	0.00	173.0265	-23.6358	1	292.390015	292.670013
2020-02-05 16:28:41.130	0.00	172.8897	-23.6582	1	292.399994	292.670013
2020-02-05 16:28:42.066	0.00	172.8947	-23.6623	1	292.399994	292.670013
2020-02-05 16:28:43.035	0.00	172.8205	-23.6645	1	292.410004	292.649994
2020-02-05 16:28:43.947	0.00	172.7752	-23.6555	1	292.410004	292.660004
2020-02-05 16:28:44.876	0.00	172.7814	-23.6558	1	292.390015	292.670013
2020-02-05 16:28:45.834	0.00	172.6934	-23.6519	1	292.390015	292.649994
2020-02-05 16:28:46.784	0.00	172.7670	-23.6460	1	292.410004	292.679993
2020-02-05 16:28:47.729	0.00	172.7461	-23.6533	1	292.399994	292.679993
2020-02-05 16:28:48.653	0.00	172.7314	-23.6435	1	292.410004	292.649994
2020-02-05 16:28:49.612	0.00	172.7377	-23.6436	1	292.410004	292.670013
2020-02-05 16:28:50.544	0.00	172.6533	-23.6590	1	292.390015	292.670013
2020-02-05 16:28:51.485	0.00	172.7353	-23.6592	1	292.410004	292.660004
2020-02-05 16:28:52.439	0.00	172.7042	-23.6499	1	292.410004	292.679993
2020-02-05 16:28:53.358	0.00	172.6839	-23.6435	1	292.399994	292.670013
2020-02-05 16:28:54.316	0.00	172.7200	-23.6472	1	292.399994	292.660004
2020-02-05 16:28:55.255	0.00	172.6220	-23.6454	1	292.420013	292.649994
2020-02-05 16:28:56.206	0.00	172.6830	-23.6416	1	292.410004	292.660004
2020-02-05 16:28:57.159	0.00	172.7931	-23.6355	1	292.399994	292.670013
2020-02-05 16:28:58.059	0.00	172.7895	-23.6290	1	292.410004	292.660004
2020-02-05 16:28:59.040	0.00	172.8346	-23.6258	1	292.390015	292.660004
2020-02-05 16:28:59.963	0.00	172.7980	-23.6320	1	292.410004	292.660004
2020-02-05 16:29:00.914	0.00	172.7616	-23.6178	1	292.410004	292.660004
2020-02-05 16:29:01.841	0.00	172.7731	-23.6271	1	292.410004	292.660004
2020-02-05 16:29:02.799	0.00	172.7216	-23.6217	1	292.399994	292.660004
2020-02-05 16:29:03.755	0.00	172.7743	-23.6121	1	292.410004	292.660004
2020-02-05 16:29:04.681	0.00	172.6771	-23.6154	1	292.390015	292.679993
2020-02-05 16:29:05.612	0.00	172.6997	-23.6052	1	292.399994	292.660004
2020-02-05 16:29:06.583	0.00	172.7040	-23.6088	1	292.399994	292.660004
2020-02-05 16:29:07.497	0.00	172.6241	-23.6091	1	292.399994	292.649994
2020-02-05 16:29:08.457	0.00	172.7683	-23.5954	1	292.399994	292.660004
2020-02-05 16:29:09.376	0.00	172.7123	-23.6020	1	292.390015	292.660004
2020-02-05 16:29:10.320	0.00	172.7371	-23.5980	1	292.410004	292.660004
2020-02-05 16:29:11.265	0.00	172.6631	-23.6048	1	292.410004	292.660004
2020-02-05 16:29:12.214	0.00	172.6206	-23.6020	1	292.410004	292.649994
2020-02-05 16:29:13.140	0.00	172.6575	-23.6102	1	292.410004	292.660004
2020-02-05 16:29:14.082	0.00	172.6238	-23.6237	1	292.410004	292.660004
2020-02-05 16:29:14.997	0.00	172.7088	-23.6139	1	292.390015	292.649994
2020-02-05 16:29:15.950	0.00	172.6593	-23.6128	1	292.410004	292.660004
2020-02-05 16:29:16.877	0.00	172.7242	-23.5926	1	292.410004	292.660004
2020-02-05 16:29:17.823	0.00	172.6292	-23.5823	1	292.410004	292.660004
2020-02-05 16:29:18.771	0.00	172.5646	-23.5907	1	292.390015	292.660004
2020-02-05 16:29:19.721	0.00	172.6178	-23.5900	1	292.420013	292.660004
2020-02-05 16:29:20.631	0.00	172.5051	-23.5938	1	292.410004	292.660004
2020-02-05 16:29:21.582	0.00	172.5624	-23.5931	1	292.410004	292.660004
2020-02-05 16:29:22.500	0.00	172.4955	-23.6054	1	292.410004	292.649994
2020-02-05 16:29:23.496	0.00	172.5245	-23.6081	1	292.410004	292.660004
2020-02-05 16:29:24.408	0.00	172.5434	-23.6029	1	292.410004	292.660004
2020-02-05 16:29:25.338	0.00	172.5124	-23.6017	1	292.390015	292.670013
2020-02-05 16:29:26.286	0.00	172.5848	-23.6177	1	292.410004	292.660004
2020-02-05 16:29:27.213	0.00	172.4899	-23.6174	1	292.410004	292.660004
2020-02-05 16:29:28.152	0.00	172.5199	-23.6309	1	292.410004	292.660004
2020-02-05 16:29:29.091	0.00	172.3920	-23.6250	1	292.420013	292.670013
2020-02-05 16:29:30.040	0.00	172.4269	-23.6143	1	292.399994	292.660004
2020-02-05 16:29:30.989	0.00	172.5003	-23.6103	1	292.410004	292.660004
2020-02-05 16:29:31.911	0.00	172.4463	-23.6229	1	292.399994	292.660004
2020-02-05 16:29:32.871	0.00	172.4477	-23.6186	1	292.390015	292.660004
2020-02-05 16:29:33.781	0.00	172.2641	-23.6236	1	292.410004	292.670013
2020-02-05 16:29:34.716	0.00	172.2488	-23.6241	1	292.410004	292.649994
2020-02-05 16:29:35.655	0.00	172.2010	-23.6074	1	292.390015	292.649994
2020-02-05 16:29:36.606	0.00	172.1904	-23.6117	1	292.399994	292.660004
2020-02-05 16:29:37.556	0.00	172.1650	-23.6223	1	292.410004	292.660004
2020-02-05 16:29:38.509	0.00	172.0246	-23.6229	1	292.399994	292.660004
2020-02-05 16:29:39.425	0.00	172.0522	-23.6297	1	292.399994	292.660004
2020-02-05 16:29:40.360	0.00	171.9271	-23.6281	1	292.410004	292.679993
2020-02-05 16:29:41.309	0.00	171.9874	-23.6105	1	292.399994	292.660004
2020-02-05 16:29:42.244	0.00	172.0016	-23.6156	1	292.410004	292.649994
2020-02-05 16:29:43.185	0.00	172.0758	-23.6028	1	292.399994	292.660004
2020-02-05 16:29:44.135	0.00	172.1932	-23.6048	1	292.390015	292.640015
2020-02-05 16:29:45.047	0.00	172.1362	-23.6089	1	292.399994	292.649994
2020-02-05 16:29:46.021	0.00	172.1723	-23.6089	1	292.410004	292.660004
2020-02-05 16:29:46.954	0.00	172.1464	-23.6173	1	292.399994	292.660004
2020-02-05 16:29:47.893	0.00	172.1014	-23.6339	1	292.410004	292.670013
2020-02-05 16:29:48.828	0.00	172.1443	-23.6088	1	292.390015	292.660004
2020-02-05 16:29:49.788	0.00	172.0787	-23.6119	1	292.410004	292.660004
2020-02-05 16:29:50.698	0.00	172.1127	-23.6172	1	292.410004	292.660004
2020-02-05 16:29:51.660	0.00	172.0370	-23.6135	1	292.410004	292.649994
2020-02-05 16:29:52.579	0.00	171.9709	-23.6211	1	292.410004	292.660004
2020-02-05 16:29:53.537	0.00	171.8669	-23.6225	1	292.390015	292.649994
2020-02-05 16:29:54.462	0.00	171.7731	-23.6168	1	292.399994	292.649994
2020-02-05 16:29:55.394	0.00	171.8290	-23.6108	1	292.399994	292.660004
2020-02-05 16:29:56.343	0.00	171.7684	-23.6207	1	292.390015	292.649994
2020-02-05 16:29:57.278	0.00	171.8554	-23.6022	1	292.410004	292.660004
2020-02-05 16:29:58.232	0.00	171.8542	-23.6055	1	292.410004	292.649994
2020-02-05 16:29:59.158	0.00	171.9431	-23.6073	1	292.410004	292.640015
2020-02-05 16:30:00.101	0.00	171.9824	-23.5986	1	292.410004	292.660004
2020-02-05 16:30:01.059	0.00	171.8327	-23.6006	1	292.390015	292.660004
2020-02-05 16:30:02.004	0.00	171.7944	-23.6090	1	292.410004	292.660004
2020-02-05 16:30:02.928	0.00	171.6520	-23.6032	1	292.410004	292.660004
2020-02-05 16:30:03.876	0.00	171.6523	-23.5964	1	292.390015	292.660004
2020-02-05 16:30:04.814	0.00	171.6707	-23.5927	1	292.410004	292.640015
2020-02-05 16:30:05.737	0.00	171.5461	-23.6034	1	292.399994	292.649994
2020-02-05 16:30:06.695	0.00	171.5992	-23.6227	1	292.410004	292.649994
2020-02-05 16:30:07.663	0.00	171.5994	-23.6267	1	292.420013	292.649994
2020-02-05 16:30:08.557	0.00	171.5815	-23.6247	1	292.399994	292.660004
2020-02-05 16:30:09.514	0.00	171.6829	-23.6125	1	292.410004	292.640015
2020-02-05 16:30:10.464	0.00	171.6800	-23.6133	1	292.390015	292.649994
2020-02-05 16:30:11.400	0.00	171.6858	-23.6121	1	292.410004	292.649994
2020-02-05 16:30:12.341	0.00	171.6405	-23.6127	1	292.399994	292.649994
2020-02-05 16:30:13.274	0.00	171.6220	-23.6310	1	292.410004	292.660004
2020-02-05 16:30:14.227	0.00	171.6348	-23.6250	1	292.399994	292.649994
2020-02-05 16:30:15.165	0.00	171.5548	-23.6249	1	292.410004	292.660004
2020-02-05 16:30:16.107	0.00	171.5798	-23.6218	1	292.399994	292.660004
2020-02-05 16:30:17.062	0.00	171.4565	-23.6270	1	292.410004	292.649994
2020-02-05 16:30:17.986	0.00	171.4491	-23.6395	1	292.410004	292.660004
2020-02-05 16:30:18.944	0.00	171.4666	-23.6381	1	292.390015	292.660004
2020-02-05 16:30:19.879	0.00	171.3459	-23.6305	1	292.399994	292.649994
2020-02-05 16:30:20.839	0.00	171.4398	-23.6194	1	292.410004	292.660004
2020-02-05 16:30:21.752	0.00	171.3240	-23.6133	1	292.390015	292.660004
2020-02-05 16:30:22.704	0.00	171.3169	-23.6124	1	292.390015	292.660004
2020-02-05 16:30:23.619	0.00	171.2337	-23.6223	1	292.380005	292.660004
2020-02-05 16:30:24.565	0.00	171.2266	-23.6277	1	292.399994	292.660004
2020-02-05 16:30:25.494	0.00	171.2439	-23.6243	1	292.390015	292.660004
2020-02-05 16:30:26.435	0.00	171.2118	-23.6092	1	292.399994	292.660004
2020-02-05 16:30:27.387	0.00	171.2636	-23.6164	1	292.390015	292.660004
2020-02-05 16:30:28.279	0.00	171.2411	-23.6349	1	292.399994	292.660004
2020-02-05 16:30:29.251	0.00	171.3437	-23.6384	1	292.390015	292.660004
2020-02-05 16:30:30.184	0.00	171.3508	-23.6197	1	292.399994	292.660004
2020-02-05 16:30:31.126	0.00	171.3454	-23.6299	1	292.399994	292.660004
2020-02-05 16:30:32.059	0.00	171.4047	-23.6166	1	292.410004	292.660004
2020-02-05 16:30:32.999	0.00	171.2922	-23.6322	1	292.390015	292.660004
2020-02-05 16:30:33.925	0.00	171.3423	-23.6302	1	292.410004	292.660004
2020-02-05 16:30:34.858	0.00	171.2985	-23.6511	1	292.380005	292.660004
2020-02-05 16:30:35.789	0.00	171.3901	-23.6501	1	292.410004	292.660004
2020-02-05 16:30:36.737	0.00	171.3088	-23.6478	1	292.399994	292.660004
2020-02-05 16:30:37.686	0.00	171.4247	-23.6316	1	292.399994	292.670013
2020-02-05 16:30:38.603	0.00	171.4360	-23.6285	1	292.410004	292.660004
2020-02-05 16:30:39.550	0.00	171.4407	-23.6304	1	292.399994	292.670013
2020-02-05 16:30:40.500	0.00	171.5093	-23.6318	1	292.410004	292.660004
2020-02-05 16:30:41.418	0.00	171.4676	-23.6268	1	292.410004	292.660004
2020-02-05 16:30:42.374	0.00	171.4701	-23.6302	1	292.410004	292.660004
2020-02-05 16:30:43.313	0.00	171.3773	-23.6483	1	292.399994	292.660004
2020-02-05 16:30:44.259	0.00	171.3409	-23.6319	1	292.410004	292.660004
2020-02-05 16:30:45.187	0.00	171.3333	-23.6394	1	292.399994	292.660004
2020-02-05 16:30:46.142	0.00	171.2893	-23.6213	1	292.399994	292.660004
2020-02-05 16:30:47.119	0.00	171.3664	-23.6261	1	292.399994	292.679993
2020-02-05 16:30:48.022	0.00	171.3138	-23.6195	1	292.390015	292.660004
2020-02-05 16:30:48.967	0.00	171.3784	-23.6173	1	292.399994	292.660004
2020-02-05 16:30:49.887	0.00	171.4327	-23.6114	1	292.410004	292.660004
2020-02-05 16:30:50.854	0.00	171.4395	-23.6161	1	292.410004	292.660004
2020-02-05 16:30:51.773	0.00	171.5192	-23.6164	1	292.399994	292.660004
2020-02-05 16:30:52.716	0.00	171.5064	-23.6165	1	292.399994	292.649994
2020-02-05 16:30:53.654	0.00	171.6717	-23.6128	1	292.399994	292.649994
2020-02-05 16:30:54.593	0.00	171.6927	-23.6220	1	292.399994	292.660004
2020-02-05 16:30:55.500	0.00	171.7159	-23.6424	1	292.399994	292.649994
2020-02-05 16:30:56.466	0.00	171.7474	-23.6268	1	292.399994	292.660004
2020-02-05 16:30:57.435	0.00	171.6885	-23.6338	1	292.410004	292.660004
2020-02-05 16:30:58.345	0.00	171.7553	-23.6282	1	292.399994	292.660004
2020-02-05 16:30:59.311	0.00	171.6885	-23.6280	1	292.410004	292.660004
2020-02-05 16:31:00.238	0.00	171.6221	-23.6343	1	292.399994	292.660004
2020-02-05 16:31:01.152	0.00	171.5284	-23.6322	1	292.390015	292.660004
2020-02-05 16:31:02.096	0.00	171.5114	-23.6191	1	292.410004	292.660004
2020-02-05 16:31:03.064	0.00	171.5560	-23.6101	1	292.390015	292.660004
2020-02-05 16:31:04.002	0.00	171.4808	-23.6224	1	292.410004	292.660004
2020-02-05 16:31:04.951	0.00	171.4354	-23.6094	1	292.410004	292.660004
2020-02-05 16:31:05.898	0.00	171.4311	-23.6169	1	292.399994	292.670013
2020-02-05 16:31:06.845	0.00	171.3621	-23.6309	1	292.410004	292.660004
2020-02-05 16:31:07.729	0.00	171.4235	-23.6194	1	292.410004	292.660004
2020-02-05 16:31:08.729	0.00	171.2903	-23.6183	1	292.410004	292.660004
2020-02-05 16:31:09.655	0.00	171.2223	-23.6086	1	292.390015	292.660004
2020-02-05 16:31:10.595	0.00	171.2582	-23.6017	1	292.399994	292.660004
2020-02-05 16:31:11.546	0.00	171.1329	-23.6115	1	292.399994	292.660004
2020-02-05 16:31:12.481	0.00	171.1430	-23.6151	1	292.399994	292.670013
2020-02-05 16:31:13.416	0.00	170.9990	-23.6081	1	292.399994	292.660004
2020-02-05 16:31:14.368	0.00	171.0010	-23.5987	1	292.410004	292.660004
2020-02-05 16:31:15.298	0.00	171.0633	-23.6031	1	292.410004	292.660004
2020-02-05 16:31:16.253	0.00	171.0298	-23.6076	1	292.410004	292.670013
2020-02-05 16:31:17.193	0.00	171.1405	-23.6098	1	292.410004	292.660004
2020-02-05 16:31:18.145	0.00	171.1871	-23.6047	1	292.410004	292.660004
2020-02-05 16:31:19.065	0.00	171.2945	-23.6163	1	292.410004	292.640015
2020-02-05 16:31:20.017	0.00	171.3283	-23.6125	1	292.399994	292.660004
2020-02-05 16:31:20.956	0.00	171.2032	-23.6000	1	292.410004	292.660004
2020-02-05 16:31:21.906	0.00	171.1808	-23.6143	1	292.399994	292.670013
2020-02-05 16:31:22.821	0.00	171.1076	-23.6207	1	292.410004	292.660004
2020-02-05 16:31:23.793	0.00	171.0582	-23.6228	1	292.410004	292.660004
2020-02-05 16:31:24.723	0.00	171.0945	-23.6428	1	292.410004	292.670013
2020-02-05 16:31:25.661	0.00	171.0177	-23.6390	1	292.420013	292.660004
2020-02-05 16:31:26.627	0.00	171.1187	-23.6241	1	292.410004	292.660004
2020-02-05 16:31:27.540	0.00	171.1422	-23.6177	1	292.410004	292.670013
2020-02-05 16:31:28.481	0.00	171.2481	-23.6160	1	292.420013	292.660004
2020-02-05 16:31:29.417	0.00	171.3633	-23.6165	1	292.410004	292.679993
2020-02-05 16:31:30.369	0.00	171.3677	-23.6151	1	292.420013	292.670013
2020-02-05 16:31:31.329	0.00	171.5094	-23.6011	1	292.410004	292.649994
2020-02-05 16:31:32.247	0.00	171.5343	-23.6010	1	292.410004	292.649994
2020-02-05 16:31:33.197	0.00	171.6627	-23.6075	1	292.410004	292.679993
2020-02-05 16:31:34.128	0.00	171.6761	-23.6087	1	292.410004	292.660004
2020-02-05 16:31:35.059	0.00	171.7069	-23.6135	1	292.420013	292.660004
2020-02-05 16:31:35.998	0.00	171.7762	-23.6082	1	292.420013	292.649994
2020-02-05 16:31:36.965	0.00	171.7054	-23.6233	1	292.420013	292.660004
2020-02-05 16:31:37.893	0.00	171.7408	-23.6354	1	292.410004	292.660004
2020-02-05 16:31:38.834	0.00	171.6578	-23.6244	1	292.420013	292.670013
2020-02-05 16:31:39.791	0.00	171.6464	-23.6460	1	292.410004	292.660004
2020-02-05 16:31:40.690	0.00	171.6279	-23.6498	1	292.410004	292.660004
2020-02-05 16:31:41.635	0.00	171.5735	-23.6420	1	292.410004	292.649994
2020-02-05 16:31:42.593	0.00	171.6535	-23.6201	1	292.410004	292.660004
2020-02-05 16:31:43.527	0.00	171.5911	-23.6174	1	292.410004	292.660004
2020-02-05 16:31:44.459	0.00	171.7267	-23.6139	1	292.399994	292.670013
2020-02-05 16:31:45.403	0.00	171.7099	-23.6176	1	292.410004	292.660004
2020-02-05 16:31:46.344	0.00	171.6048	-23.6129	1	292.410004	292.670013
2020-02-05 16:31:47.277	0.00	171.6525	-23.6221	1	292.410004	292.660004
2020-02-05 16:31:48.232	0.00	171.5941	-23.6186	1	292.420013	292.660004
2020-02-05 16:31:49.170	0.00	171.7048	-23.6047	1	292.410004	292.660004
2020-02-05 16:31:50.110	0.00	171.7007	-23.6097	1	292.410004	292.660004
2020-02-05 16:31:51.074	0.00	171.7547	-23.5959	1	292.410004	292.670013
2020-02-05 16:31:52.007	0.00	171.8652	-23.6044	1	292.420013	292.670013
2020-02-05 16:31:52.935	0.00	171.7408	-23.6079	1	292.410004	292.660004
2020-02-05 16:31:53.893	0.00	171.7639	-23.6057	1	292.420013	292.660004
2020-02-05 16:31:54.826	0.00	171.8316	-23.6170	1	292.420013	292.670013
2020-02-05 16:31:55.756	0.00	171.8743	-23.6112	1	292.420013	292.660004
2020-02-05 16:31:56.709	0.00	172.0056	-23.6060	1	292.420013	292.649994
2020-02-05 16:31:57.644	0.00	172.0099	-23.5962	1	292.420013	292.660004
2020-02-05 16:31:58.624	0.00	172.0480	-23.6009	1	292.420013	292.660004
2020-02-05 16:31:59.532	0.00	172.0816	-23.6059	1	292.420013	292.660004
2020-02-05 16:32:00.461	0.00	172.0070	-23.6035	1	292.410004	292.660004
2020-02-05 16:32:01.409	0.00	172.0914	-23.6023	1	292.420013	292.660004
2020-02-05 16:32:02.338	0.00	172.0603	-23.6027	1	292.440002	292.679993
2020-02-05 16:32:03.299	0.00	172.1177	-23.5949	1	292.420013	292.660004
2020-02-05 16:32:04.220	0.00	172.0113	-23.6080	1	292.420013	292.660004
2020-02-05 16:32:05.154	0.00	171.9522	-23.6139	1	292.420013	292.660004
2020-02-05 16:32:06.118	0.00	171.8891	-23.5843	1	292.420013	292.660004
2020-02-05 16:32:07.039	0.00	171.8225	-23.5904	1	292.420013	292.660004
2020-02-05 16:32:07.971	0.00	171.9080	-23.5941	1	292.410004	292.660004
2020-02-05 16:32:08.932	0.00	171.8406	-23.6084	1	292.420013	292.660004
2020-02-05 16:32:09.853	0.00	172.0118	-23.6062	1	292.420013	292.670013
2020-02-05 16:32:10.778	0.00	171.9810	-23.6025	1	292.429993	292.660004
2020-02-05 16:32:11.729	0.00	172.0913	-23.6087	1	292.429993	292.670013
2020-02-05 16:32:12.663	0.00	172.1516	-23.6005	1	292.420013	292.649994
2020-02-05 16:32:13.627	0.00	172.1295	-23.6254	1	292.410004	292.649994
2020-02-05 16:32:14.549	0.00	172.0803	-23.6233	1	292.410004	292.670013
2020-02-05 16:32:15.488	0.00	171.9953	-23.6087	1	292.410004	292.660004
2020-02-05 16:32:16.439	0.00	172.0627	-23.6006	1	292.399994	292.670013
2020-02-05 16:32:17.362	0.00	172.0148	-23.6100	1	292.429993	292.660004
2020-02-05 16:32:18.342	0.00	171.9837	-23.6052	1	292.410004	292.660004
2020-02-05 16:32:19.266	0.00	172.0192	-23.6019	1	292.429993	292.660004
2020-02-05 16:32:20.203	0.00	172.0160	-23.5999	1	292.410004	292.660004
2020-02-05 16:32:21.119	0.00	172.0846	-23.5834	1	292.410004	292.660004
2020-02-05 16:32:22.081	0.00	172.0971	-23.5912	1	292.410004	292.660004
2020-02-05 16:32:23.049	0.00	172.0744	-23.6085	1	292.420013	292.660004
2020-02-05 16:32:23.993	0.00	172.1261	-23.6034	1	292.410004	292.660004
2020-02-05 16:32:24.920	0.00	172.0348	-23.5901	1	292.410004	292.670013
2020-02-05 16:32:25.884	0.00	171.9911	-23.5782	1	292.420013	292.670013
2020-02-05 16:32:26.811	0.00	171.9786	-23.5899	1	292.420013	292.660004
2020-02-05 16:32:27.741	0.00	171.9489	-23.6015	1	292.410004	292.649994
2020-02-05 16:32:28.675	0.00	171.9815	-23.5893	1	292.420013	292.670013
2020-02-05 16:32:29.625	0.00	171.9536	-23.5977	1	292.399994	292.660004
2020-02-05 16:32:30.564	0.00	172.1308	-23.5953	1	292.420013	292.670013
2020-02-05 16:32:31.502	0.00	172.2580	-23.5894	1	292.410004	292.649994
2020-02-05 16:32:32.443	0.00	172.2389	-23.5786	1	292.410004	292.660004
2020-02-05 16:32:33.397	0.00	172.3119	-23.5862	1	292.420013	292.670013
2020-02-05 16:32:34.345	0.00	172.2225	-23.5870	1	292.410004	292.660004
2020-02-05 16:32:35.283	0.00	172.1922	-23.5881	1	292.420013	292.649994
2020-02-05 16:32:36.262	0.00	172.2573	-23.5802	1	292.420013	292.660004
2020-02-05 16:32:37.183	0.00	172.2870	-23.5930	1	292.420013	292.670013
2020-02-05 16:32:38.122	0.00	172.2629	-23.5909	1	292.420013	292.670013
2020-02-05 16:32:39.076	0.00	172.1774	-23.5911	1	292.420013	292.660004
2020-02-05 16:32:39.990	0.00	172.1604	-23.6027	1	292.399994	292.670013
2020-02-05 16:32:40.941	0.00	172.2926	-23.6122	1	292.420013	292.660004
2020-02-05 16:32:41.869	0.00	172.2783	-23.6197	1	292.399994	292.670013
2020-02-05 16:32:42.809	0.00	172.3387	-23.6151	1	292.399994	292.660004
2020-02-05 16:32:43.750	0.00	172.1641	-23.6079	1	292.410004	292.660004
2020-02-05 16:32:44.694	0.00	172.0796	-23.5954	1	292.420013	292.660004
2020-02-05 16:32:45.616	0.00	172.0672	-23.5873	1	292.420013	292.660004
2020-02-05 16:32:46.594	0.00	172.0237	-23.5840	1	292.410004	292.649994
2020-02-05 16:32:47.536	0.00	172.0918	-23.5748	1	292.410004	292.660004
2020-02-05 16:32:48.468	0.00	172.0468	-23.5971	1	292.399994	292.660004
2020-02-05 16:32:49.438	0.00	172.0240	-23.5820	1	292.410004	292.670013
2020-02-05 16:32:50.332	0.00	172.0631	-23.6017	1	292.410004	292.670013
2020-02-05 16:32:51.289	0.00	172.0307	-23.6128	1	292.410004	292.670013
2020-02-05 16:32:52.240	0.00	172.1502	-23.6164	1	292.410004	292.670013
2020-02-05 16:32:53.197	0.00	172.1769	-23.6104	1	292.399994	292.670013
2020-02-05 16:32:54.112	0.00	172.1889	-23.6194	1	292.410004	292.660004
2020-02-05 16:32:55.068	0.00	172.2129	-23.6093	1	292.420013	292.660004
2020-02-05 16:32:56.014	0.00	172.1211	-23.6150	1	292.420013	292.670013
2020-02-05 16:32:56.960	0.00	172.1355	-23.6113	1	292.410004	292.660004
2020-02-05 16:32:57.910	0.00	172.0501	-23.6069	1	292.410004	292.660004
2020-02-05 16:32:58.845	0.00	171.9973	-23.6170	1	292.420013	292.660004
2020-02-05 16:32:59.797	0.00	172.0373	-23.6140	1	292.410004	292.660004
2020-02-05 16:33:00.734	0.00	172.0158	-23.6106	1	292.420013	292.660004
2020-02-05 16:33:01.684	0.00	172.0941	-23.6196	1	292.410004	292.670013
2020-02-05 16:33:02.604	0.00	172.1680	-23.6077	1	292.420013	292.660004
2020-02-05 16:33:03.551	0.00	172.1026	-23.6092	1	292.420013	292.660004
2020-02-05 16:33:04.513	0.00	172.2098	-23.6139	1	292.410004	292.679993
2020-02-05 16:33:05.422	0.00	172.1901	-23.5890	1	292.410004	292.660004
2020-02-05 16:33:06.372	0.00	172.3043	-23.5852	1	292.410004	292.649994
2020-02-05 16:33:07.335	0.00	172.4008	-23.5893	1	292.429993	292.660004
2020-02-05 16:33:08.264	0.00	172.3361	-23.5932	1	292.410004	292.660004
2020-02-05 16:33:09.218	0.00	172.3399	-23.5910	1	292.420013	292.660004
2020-02-05 16:33:10.140	0.00	172.1916	-23.5927	1	292.429993	292.660004
2020-02-05 16:33:11.091	0.00	172.1697	-23.6118	1	292.420013	292.670013
2020-02-05 16:33:12.030	0.00	172.0798	-23.6354	1	292.429993	292.679993
2020-02-05 16:33:12.959	0.00	172.0359	-23.6325	1	292.410004	292.670013
2020-02-05 16:33:13.916	0.00	172.0941	-23.6045	1	292.420013	292.649994
2020-02-05 16:33:14.844	0.00	172.0013	-23.6034	1	292.410004	292.660004
2020-02-05 16:33:15.760	0.00	172.0137	-23.6042	1	292.410004	292.660004
2020-02-05 16:33:16.726	0.00	171.9964	-23.6061	1	292.420013	292.660004
2020-02-05 16:33:17.659	0.00	172.0006	-23.6043	1	292.410004	292.679993
2020-02-05 16:33:18.631	0.00	172.0414	-23.5992	1	292.420013	292.660004
2020-02-05 16:33:19.552	0.00	171.9675	-23.5987	1	292.410004	292.670013
2020-02-05 16:33:20.488	0.00	172.0781	-23.5921	1	292.410004	292.649994
2020-02-05 16:33:21.420	0.00	172.0224	-23.6057	1	292.420013	292.660004
2020-02-05 16:33:22.365	0.00	171.9847	-23.6204	1	292.420013	292.660004
2020-02-05 16:33:23.328	0.00	172.0571	-23.6001	1	292.420013	292.670013
2020-02-05 16:33:24.250	0.00	172.0243	-23.6019	1	292.420013	292.660004
2020-02-05 16:33:25.200	0.00	172.0676	-23.5996	1	292.410004	292.679993
2020-02-05 16:33:26.140	0.00	171.9495	-23.5903	1	292.420013	292.660004
2020-02-05 16:33:27.075	0.00	171.9361	-23.5969	1	292.429993	292.670013
2020-02-05 16:33:28.033	0.00	171.9537	-23.5958	1	292.410004	292.660004
2020-02-05 16:33:28.965	0.00	171.9684	-23.6097	1	292.429993	292.660004
2020-02-05 16:33:29.868	0.00	172.1017	-23.6039	1	292.420013	292.660004
2020-02-05 16:33:30.844	0.00	172.1001	-23.6042	1	292.420013	292.660004
2020-02-05 16:33:31.785	0.00	172.1117	-23.6150	1	292.410004	292.660004
2020-02-05 16:33:32.787	0.00	172.1167	-23.6241	1	292.429993	292.670013
2020-02-05 16:33:33.656	0.00	172.0233	-23.6082	1	292.420013	292.670013
2020-02-05 16:33:34.602	0.00	172.0573	-23.5992	1	292.410004	292.649994
2020-02-05 16:33:35.586	0.00	172.0133	-23.5952	1	292.420013	292.660004
2020-02-05 16:33:36.494	0.00	171.9806	-23.5844	1	292.429993	292.660004
2020-02-05 16:33:37.424	0.00	171.9630	-23.6032	1	292.410004	292.660004
2020-02-05 16:33:38.373	0.00	171.8277	-23.6031	1	292.420013	292.670013
2020-02-05 16:33:39.320	0.00	171.8196	-23.5962	1	292.420013	292.679993
2020-02-05 16:33:40.259	0.00	171.7838	-23.5976	1	292.420013	292.660004
2020-02-05 16:33:41.204	0.00	171.8152	-23.6057	1	292.410004	292.670013
2020-02-05 16:33:42.100	0.00	171.8411	-23.6195	1	292.420013	292.660004
2020-02-05 16:33:43.078	0.00	171.7912	-23.6227	1	292.429993	292.660004
2020-02-05 16:33:44.027	0.00	171.9583	-23.6061	1	292.440002	292.660004
2020-02-05 16:33:44.983	0.00	171.9999	-23.6038	1	292.429993	292.660004
2020-02-05 16:33:45.904	0.00	172.0513	-23.5997	1	292.420013	292.660004
2020-02-05 16:33:46.840	0.00	172.0594	-23.5986	1	292.440002	292.660004
2020-02-05 16:33:47.770	0.00	172.0302	-23.5992	1	292.420013	292.670013
2020-02-05 16:33:48.737	0.00	172.1171	-23.6069	1	292.420013	292.670013
2020-02-05 16:33:49.641	0.00	172.1360	-23.6050	1	292.420013	292.679993
2020-02-05 16:33:50.598	0.00	172.2193	-23.5959	1	292.410004	292.660004
2020-02-05 16:33:51.526	0.00	172.2040	-23.5973	1	292.420013	292.670013
2020-02-05 16:33:52.477	0.00	172.2859	-23.5874	1	292.420013	292.670013
2020-02-05 16:33:53.429	0.00	172.2665	-23.5988	1	292.420013	292.660004
2020-02-05 16:33:54.374	0.00	172.1548	-23.6075	1	292.420013	292.670013
2020-02-05 16:33:55.295	0.00	172.2032	-23.5974	1	292.410004	292.660004
2020-02-05 16:33:56.244	0.00	172.1617	-23.5889	1	292.420013	292.670013
2020-02-05 16:33:57.189	0.00	172.2099	-23.5955	1	292.420013	292.660004
2020-02-05 16:33:58.130	0.00	172.2026	-23.6012	1	292.420013	292.670013
2020-02-05 16:33:59.042	0.00	172.1846	-23.6030	1	292.420013	292.670013
2020-02-05 16:34:00.010	0.00	172.2570	-23.5971	1	292.410004	292.660004
2020-02-05 16:34:00.917	0.00	172.1401	-23.5978	1	292.410004	292.660004
2020-02-05 16:34:01.893	0.00	172.1802	-23.6087	1	292.410004	292.679993
2020-02-05 16:34:02.815	0.00	172.1032	-23.6077	1	292.410004	292.660004
2020-02-05 16:34:03.746	0.00	172.1524	-23.5945	1	292.410004	292.660004
2020-02-05 16:34:04.669	0.00	172.1231	-23.5930	1	292.410004	292.649994
2020-02-05 16:34:05.610	0.00	172.1395	-23.5962	1	292.420013	292.670013
2020-02-05 16:34:06.543	0.00	172.1085	-23.5960	1	292.410004	292.670013
2020-02-05 16:34:07.502	0.00	172.0247	-23.6008	1	292.410004	292.660004
2020-02-05 16:34:08.424	0.00	172.0982	-23.5890	1	292.429993	292.660004
2020-02-05 16:34:09.378	0.00	172.0286	-23.6102	1	292.410004	292.660004
2020-02-05 16:34:10.308	0.00	172.1487	-23.6160	1	292.420013	292.660004
2020-02-05 16:34:11.229	0.00	172.1223	-23.6061	1	292.429993	292.660004
2020-02-05 16:34:12.184	0.00	172.1319	-23.6211	1	292.410004	292.660004
2020-02-05 16:34:13.144	0.00	172.2159	-23.6121	1	292.410004	292.670013
2020-02-05 16:34:14.061	0.00	172.1819	-23.6176	1	292.420013	292.660004
2020-02-05 16:34:14.987	0.00	172.1903	-23.6196	1	292.420013	292.660004
2020-02-05 16:34:15.935	0.00	172.0731	-23.6058	1	292.399994	292.660004
2020-02-05 16:34:16.866	0.00	172.1152	-23.5935	1	292.420013	292.660004
2020-02-05 16:34:17.792	0.00	172.0602	-23.5967	1	292.420013	292.660004
2020-02-05 16:34:18.757	0.00	172.1088	-23.5945	1	292.410004	292.679993
2020-02-05 16:34:19.720	0.00	172.2064	-23.5843	1	292.399994	292.660004
2020-02-05 16:34:20.612	0.00	172.2341	-23.5825	1	292.420013	292.660004
2020-02-05 16:34:21.564	0.00	172.3525	-23.5843	1	292.410004	292.670013
2020-02-05 16:34:22.526	0.00	172.2771	-23.5799	1	292.410004	292.660004
2020-02-05 16:34:23.443	0.00	172.2588	-23.5914	1	292.410004	292.660004
2020-02-05 16:34:24.400	0.00	172.2673	-23.5917	1	292.399994	292.640015
2020-02-05 16:34:25.346	0.00	172.2159	-23.5852	1	292.410004	292.660004
2020-02-05 16:34:26.274	0.00	172.3049	-23.5865	1	292.410004	292.649994
2020-02-05 16:34:27.228	0.00	172.3622	-23.5774	1	292.410004	292.660004
2020-02-05 16:34:28.163	0.00	172.3665	-23.5780	1	292.410004	292.649994
2020-02-05 16:34:29.125	0.00	172.4323	-23.5697	1	292.410004	292.660004
2020-02-05 16:34:30.050	0.00	172.3464	-23.5733	1	292.399994	292.660004
2020-02-05 16:34:30.970	0.00	172.4357	-23.5807	1	292.420013	292.660004
2020-02-05 16:34:31.945	0.00	172.4060	-23.5808	1	292.410004	292.660004
2020-02-05 16:34:32.872	0.00	172.4584	-23.5817	1	292.410004	292.649994
2020-02-05 16:34:33.823	0.00	172.5416	-23.5834	1	292.380005	292.670013
2020-02-05 16:34:34.751	0.00	172.4681	-23.5723	1	292.399994	292.660004
2020-02-05 16:34:35.701	0.00	172.5161	-23.5823	1	292.410004	292.660004
2020-02-05 16:34:36.646	0.00	172.4323	-23.5839	1	292.399994	292.660004
2020-02-05 16:34:37.567	0.00	172.4417	-23.5782	1	292.399994	292.660004
2020-02-05 16:34:38.527	0.00	172.4533	-23.5799	1	292.399994	292.660004
2020-02-05 16:34:39.462	0.00	172.3715	-23.5923	1	292.380005	292.670013
2020-02-05 16:34:40.410	0.00	172.4370	-23.5933	1	292.399994	292.660004
2020-02-05 16:34:41.364	0.00	172.3563	-23.5864	1	292.399994	292.660004
2020-02-05 16:34:42.284	0.00	172.4006	-23.5853	1	292.399994	292.660004
2020-02-05 16:34:43.236	0.00	172.4346	-23.5851	1	292.390015	292.660004
2020-02-05 16:34:44.167	0.00	172.4096	-23.5771	1	292.399994	292.660004
2020-02-05 16:34:45.115	0.00	172.4786	-23.5678	1	292.410004	292.649994
2020-02-05 16:34:46.077	0.00	172.4796	-23.5610	1	292.390015	292.649994
2020-02-05 16:34:46.991	0.00	172.5080	-23.5583	1	292.380005	292.649994
2020-02-05 16:34:47.950	0.00	172.5637	-23.5729	1	292.390015	292.660004
2020-02-05 16:34:48.875	0.00	172.4647	-23.5773	1	292.410004	292.670013
2020-02-05 16:34:49.812	0.00	172.5180	-23.5716	1	292.399994	292.660004
2020-02-05 16:34:50.786	0.00	172.3647	-23.5754	1	292.390015	292.660004
2020-02-05 16:34:51.682	0.00	172.2956	-23.5624	1	292.410004	292.660004
2020-02-05 16:34:52.644	0.00	172.2572	-23.5747	1	292.390015	292.649994
2020-02-05 16:34:53.589	0.00	172.2105	-23.5700	1	292.399994	292.660004
2020-02-05 16:34:54.517	0.00	172.2404	-23.5634	1	292.399994	292.649994
2020-02-05 16:34:55.471	0.00	172.1011	-23.5571	1	292.380005	292.660004
2020-02-05 16:34:56.383	0.00	172.1809	-23.5739	1	292.380005	292.660004
2020-02-05 16:34:57.363	0.00	172.0869	-23.5670	1	292.390015	292.640015
2020-02-05 16:34:58.299	0.00	172.0626	-23.5710	1	292.390015	292.649994
2020-02-05 16:34:59.231	0.00	172.1596	-23.5817	1	292.359985	292.649994
2020-02-05 16:35:00.182	0.00	172.1426	-23.5761	1	292.390015	292.660004
2020-02-05 16:35:01.134	0.00	172.2493	-23.5718	1	292.390015	292.640015
2020-02-05 16:35:02.064	0.00	172.3875	-23.5771	1	292.390015	292.660004
2020-02-05 16:35:03.014	0.00	172.4659	-23.5795	1	292.390015	292.649994
2020-02-05 16:35:03.946	0.00	172.4878	-23.5725	1	292.380005	292.660004
2020-02-05 16:35:04.889	0.00	172.4265	-23.5658	1	292.380005	292.649994
2020-02-05 16:35:05.837	0.00	172.3840	-23.5622	1	292.390015	292.660004
2020-02-05 16:35:06.792	0.00	172.4286	-23.5649	1	292.380005	292.660004
2020-02-05 16:35:07.708	0.00	172.3746	-23.5708	1	292.390015	292.660004
2020-02-05 16:35:08.663	0.00	172.4980	-23.5655	1	292.380005	292.649994
2020-02-05 16:35:09.627	0.00	172.3823	-23.5792	1	292.390015	292.649994
2020-02-05 16:35:10.550	0.00	172.3724	-23.5857	1	292.390015	292.660004
2020-02-05 16:35:11.502	0.00	172.3849	-23.5747	1	292.390015	292.660004
2020-02-05 16:35:12.427	0.00	172.2470	-23.5836	1	292.399994	292.660004
2020-02-05 16:35:13.392	0.00	172.3002	-23.5660	1	292.390015	292.649994
2020-02-05 16:35:14.309	0.00	172.2177	-23.5746	1	292.399994	292.649994
2020-02-05 16:35:15.242	0.00	172.1908	-23.5788	1	292.390015	292.660004
2020-02-05 16:35:16.208	0.00	172.2773	-23.5750	1	292.399994	292.660004
2020-02-05 16:35:17.141	0.00	172.2437	-23.5713	1	292.380005	292.660004
2020-02-05 16:35:18.097	0.00	172.2917	-23.5721	1	292.390015	292.670013
2020-02-05 16:35:19.023	0.00	172.3322	-23.5788	1	292.390015	292.640015
2020-02-05 16:35:19.954	0.00	172.3987	-23.5731	1	292.390015	292.660004
2020-02-05 16:35:20.882	0.00	172.5039	-23.5703	1	292.380005	292.670013
2020-02-05 16:35:21.841	0.00	172.4630	-23.5678	1	292.390015	292.660004
2020-02-05 16:35:22.812	0.00	172.5142	-23.5652	1	292.380005	292.679993
2020-02-05 16:35:23.729	0.00	172.5259	-23.5684	1	292.399994	292.649994
2020-02-05 16:35:24.664	0.00	172.5473	-23.5770	1	292.380005	292.660004
2020-02-05 16:35:25.627	0.00	172.5416	-23.5688	1	292.390015	292.660004
2020-02-05 16:35:26.549	0.00	172.4442	-23.5637	1	292.390015	292.640015
2020-02-05 16:35:27.530	0.00	172.4347	-23.5740	1	292.380005	292.660004
2020-02-05 16:35:28.453	0.00	172.3171	-23.5655	1	292.380005	292.670013
2020-02-05 16:35:29.365	0.00	172.3688	-23.5651	1	292.380005	292.670013
2020-02-05 16:35:30.300	0.00	172.2915	-23.5738	1	292.380005	292.649994
2020-02-05 16:35:31.230	0.00	172.2242	-23.5644	1	292.390015	292.660004
2020-02-05 16:35:32.183	0.00	172.1680	-23.5639	1	292.380005	292.660004
2020-02-05 16:35:33.111	0.00	172.1731	-23.5597	1	292.380005	292.649994
2020-02-05 16:35:34.060	0.00	172.1782	-23.5706	1	292.380005	292.670013
2020-02-05 16:35:34.983	0.00	172.1437	-23.5682	1	292.399994	292.660004
2020-02-05 16:35:35.937	0.00	172.2730	-23.5621	1	292.390015	292.660004
2020-02-05 16:35:36.884	0.00	172.2082	-23.5628	1	292.380005	292.660004
2020-02-05 16:35:37.809	0.00	172.1546	-23.5677	1	292.380005	292.670013
2020-02-05 16:35:38.756	0.00	172.1523	-23.5707	1	292.380005	292.660004
2020-02-05 16:35:39.685	0.00	172.0578	-23.5715	1	292.380005	292.670013
2020-02-05 16:35:40.647	0.00	172.1261	-23.5694	1	292.390015	292.660004
2020-02-05 16:35:41.571	0.00	172.0969	-23.5731	1	292.359985	292.640015
2020-02-05 16:35:42.531	0.00	172.1827	-23.5747	1	292.380005	292.670013
2020-02-05 16:35:43.439	0.00	172.2315	-23.5737	1	292.390015	292.660004
2020-02-05 16:35:44.387	0.00	172.2459	-23.5813	1	292.380005	292.660004
2020-02-05 16:35:45.325	0.00	172.3552	-23.5775	1	292.369995	292.660004
2020-02-05 16:35:46.263	0.00	172.2764	-23.5806	1	292.390015	292.649994
2020-02-05 16:35:47.201	0.00	172.3170	-23.5913	1	292.380005	292.660004
2020-02-05 16:35:48.153	0.00	172.2357	-23.5927	1	292.380005	292.660004
2020-02-05 16:35:49.091	0.00	172.2520	-23.5797	1	292.390015	292.660004
2020-02-05 16:35:50.044	0.00	172.3078	-23.5739	1	292.390015	292.660004
2020-02-05 16:35:50.970	0.00	172.2761	-23.5728	1	292.369995	292.660004
2020-02-05 16:35:51.909	0.00	172.3836	-23.5677	1	292.390015	292.670013
2020-02-05 16:35:52.871	0.00	172.3510	-23.5725	1	292.390015	292.640015
2020-02-05 16:35:53.773	0.00	172.4258	-23.5814	1	292.380005	292.649994
2020-02-05 16:35:54.731	0.00	172.4280	-23.5691	1	292.380005	292.660004
2020-02-05 16:35:55.683	0.00	172.3827	-23.5675	1	292.380005	292.660004
2020-02-05 16:35:56.612	0.00	172.4632	-23.5673	1	292.380005	292.660004
2020-02-05 16:35:57.564	0.00	172.3921	-23.5758	1	292.380005	292.660004
2020-02-05 16:35:58.481	0.00	172.3790	-23.5757	1	292.380005	292.649994
2020-02-05 16:35:59.422	0.00	172.2941	-23.5730	1	292.390015	292.649994
2020-02-05 16:36:00.383	0.00	172.2629	-23.5728	1	292.390015	292.649994
2020-02-05 16:36:01.310	0.00	172.3099	-23.5697	1	292.390015	292.660004
2020-02-05 16:36:02.272	0.00	172.2523	-23.5770	1	292.380005	292.649994
2020-02-05 16:36:03.191	0.00	172.2317	-23.5698	1	292.369995	292.640015
2020-02-05 16:36:04.147	0.00	172.1999	-23.5811	1	292.390015	292.640015
2020-02-05 16:36:05.097	0.00	172.1520	-23.5740	1	292.390015	292.649994
2020-02-05 16:36:06.023	0.00	172.2672	-23.5802	1	292.410004	292.660004
2020-02-05 16:36:06.981	0.00	172.1658	-23.5870	1	292.410004	292.660004
2020-02-05 16:36:07.900	0.00	172.2302	-23.5766	1	292.390015	292.649994
2020-02-05 16:36:08.838	0.00	172.1810	-23.5867	1	292.399994	292.660004
2020-02-05 16:36:09.777	0.00	172.2732	-23.5674	1	292.410004	292.660004
2020-02-05 16:36:10.722	0.00	172.2918	-23.5657	1	292.399994	292.660004
2020-02-05 16:36:11.641	0.00	172.3062	-23.5789	1	292.399994	292.649994
2020-02-05 16:36:12.590	0.00	172.3106	-23.5728	1	292.390015	292.670013
2020-02-05 16:36:13.504	0.00	172.2949	-23.5681	1	292.380005	292.660004
2020-02-05 16:36:14.457	0.00	172.3691	-23.5646	1	292.399994	292.649994
2020-02-05 16:36:15.407	0.00	172.3272	-23.5665	1	292.399994	292.660004
2020-02-05 16:36:16.348	0.00	172.3395	-23.5615	1	292.410004	292.660004
2020-02-05 16:36:17.275	0.00	172.3032	-23.5761	1	292.390015	292.640015
2020-02-05 16:36:18.225	0.00	172.2390	-23.5813	1	292.399994	292.640015
2020-02-05 16:36:19.174	0.00	172.2951	-23.5765	1	292.390015	292.660004
2020-02-05 16:36:20.100	0.00	172.3223	-23.5928	1	292.410004	292.660004
2020-02-05 16:36:21.069	0.00	172.4031	-23.5932	1	292.399994	292.660004
2020-02-05 16:36:22.002	0.00	172.4196	-23.5715	1	292.390015	292.640015
2020-02-05 16:36:22.917	0.00	172.4388	-23.5778	1	292.410004	292.649994
2020-02-05 16:36:23.872	0.00	172.5068	-23.5759	1	292.410004	292.640015
2020-02-05 16:36:24.827	0.00	172.4187	-23.5894	1	292.399994	292.660004
2020-02-05 16:36:25.775	0.00	172.4278	-23.5890	1	292.390015	292.660004
2020-02-05 16:36:26.703	0.00	172.4169	-23.5945	1	292.410004	292.640015
2020-02-05 16:36:27.674	0.00	172.3478	-23.5876	1	292.399994	292.660004
2020-02-05 16:36:28.595	0.00	172.3808	-23.5704	1	292.399994	292.660004
2020-02-05 16:36:29.524	0.00	172.2334	-23.5752	1	292.420013	292.660004
2020-02-05 16:36:30.469	0.00	172.2834	-23.5730	1	292.399994	292.660004
2020-02-05 16:36:31.415	0.00	172.2389	-23.5835	1	292.410004	292.649994
2020-02-05 16:36:32.343	0.00	172.2215	-23.5797	1	292.410004	292.649994
2020-02-05 16:36:33.308	0.00	172.3264	-23.5812	1	292.410004	292.640015
2020-02-05 16:36:34.228	0.00	172.2834	-23.5788	1	292.390015	292.649994
2020-02-05 16:36:35.165	0.00	172.3480	-23.5835	1	292.410004	292.649994
2020-02-05 16:36:36.125	0.00	172.3051	-23.5747	1	292.410004	292.640015
2020-02-05 16:36:37.050	0.00	172.2092	-23.5793	1	292.410004	292.670013
2020-02-05 16:36:38.011	0.00	172.2856	-23.5880	1	292.410004	292.640015
2020-02-05 16:36:38.939	0.00	172.1963	-23.5790	1	292.410004	292.649994
2020-02-05 16:36:39.884	0.00	172.2426	-23.5768	1	292.399994	292.649994
2020-02-05 16:36:40.829	0.00	172.2544	-23.5677	1	292.410004	292.649994
2020-02-05 16:36:41.781	0.00	172.2609	-23.5752	1	292.390015	292.649994
2020-02-05 16:36:42.739	0.00	172.3957	-23.5954	1	292.410004	292.649994
2020-02-05 16:36:43.663	0.00	172.2651	-23.5930	1	292.399994	292.649994
2020-02-05 16:36:44.610	0.00	172.2880	-23.5842	1	292.410004	292.649994
2020-02-05 16:36:45.537	0.00	172.3422	-23.5823	1	292.399994	292.660004
2020-02-05 16:36:46.478	0.00	172.4459	-23.5854	1	292.410004	292.649994
2020-02-05 16:36:47.438	0.00	172.6489	-23.5799	1	292.410004	292.649994
2020-02-05 16:36:48.359	0.00	172.6630	-23.5875	1	292.399994	292.640015
2020-02-05 16:36:49.309	0.00	172.7005	-23.5817	1	292.410004	292.649994
2020-02-05 16:36:50.270	0.00	172.6227	-23.5854	1	292.399994	292.660004
2020-02-05 16:36:51.195	0.00	172.4931	-23.5866	1	292.399994	292.640015
2020-02-05 16:36:52.136	0.00	172.5147	-23.5731	1	292.399994	292.649994
2020-02-05 16:36:53.090	0.00	172.4460	-23.5779	1	292.390015	292.640015
2020-02-05 16:36:54.033	0.00	172.4508	-23.5708	1	292.410004	292.660004
2020-02-05 16:36:54.962	0.00	172.4868	-23.5774	1	292.390015	292.660004
2020-02-05 16:36:55.897	0.00	172.4379	-23.5728	1	292.399994	292.640015
2020-02-05 16:36:56.854	0.00	172.5073	-23.5736	1	292.399994	292.660004
2020-02-05 16:36:57.794	0.00	172.4460	-23.5751	1	292.410004	292.640015
2020-02-05 16:36:58.724	0.00	172.5061	-23.5764	1	292.410004	292.660004
2020-02-05 16:36:59.662	0.00	172.5873	-23.5778	1	292.399994	292.640015
2020-02-05 16:37:00.622	0.00	172.5527	-23.5810	1	292.410004	292.649994
2020-02-05 16:37:01.552	0.00	172.6311	-23.5805	1	292.399994	292.640015
2020-02-05 16:37:02.500	0.00	172.5379	-23.5879	1	292.420013	292.660004
2020-02-05 16:37:03.415	0.00	172.6154	-23.5943	1	292.410004	292.640015
2020-02-05 16:37:04.374	0.00	172.6186	-23.5858	1	292.410004	292.649994
2020-02-05 16:37:05.324	0.00	172.6001	-23.5822	1	292.380005	292.630005
2020-02-05 16:37:06.239	0.00	172.5759	-23.5697	1	292.420013	292.660004
2020-02-05 16:37:07.186	0.00	172.4853	-23.5737	1	292.390015	292.649994
2020-02-05 16:37:08.138	0.00	172.4812	-23.5762	1	292.410004	292.649994
2020-02-05 16:37:09.068	0.00	172.4387	-23.5754	1	292.410004	292.649994
2020-02-05 16:37:10.010	0.00	172.5101	-23.5709	1	292.410004	292.660004
2020-02-05 16:37:10.945	0.00	172.5027	-23.5703	1	292.420013	292.649994
2020-02-05 16:37:11.889	0.00	172.4911	-23.5764	1	292.410004	292.640015
2020-02-05 16:37:12.847	0.00	172.5785	-23.5719	1	292.410004	292.649994
2020-02-05 16:37:13.777	0.00	172.5014	-23.5761	1	292.410004	292.649994
2020-02-05 16:37:14.698	0.00	172.5576	-23.5812	1	292.399994	292.649994
2020-02-05 16:37:15.666	0.00	172.5891	-23.5909	1	292.410004	292.649994
2020-02-05 16:37:16.596	0.00	172.5564	-23.5919	1	292.410004	292.640015
2020-02-05 16:37:17.544	0.00	172.6383	-23.5901	1	292.410004	292.640015
2020-02-05 16:37:18.480	0.00	172.5215	-23.5843	1	292.399994	292.640015
2020-02-05 16:37:19.417	0.00	172.5924	-23.5824	1	292.399994	292.660004
2020-02-05 16:37:20.366	0.00	172.5557	-23.5757	1	292.399994	292.649994
2020-02-05 16:37:21.305	0.00	172.5061	-23.5793	1	292.410004	292.649994
2020-02-05 16:37:22.233	0.00	172.6220	-23.5857	1	292.410004	292.649994
2020-02-05 16:37:23.185	0.00	172.5458	-23.5786	1	292.410004	292.649994
2020-02-05 16:37:24.126	0.00	172.6100	-23.5815	1	292.420013	292.640015
2020-02-05 16:37:25.079	0.00	172.5063	-23.5931	1	292.420013	292.649994
2020-02-05 16:37:26.013	0.00	172.5079	-23.5881	1	292.410004	292.660004
2020-02-05 16:37:26.942	0.00	172.5810	-23.5968	1	292.410004	292.660004
2020-02-05 16:37:27.900	0.00	172.5039	-23.5812	1	292.399994	292.640015
2020-02-05 16:37:28.841	0.00	172.6074	-23.5862	1	292.410004	292.660004
2020-02-05 16:37:29.790	0.00	172.5844	-23.5805	1	292.410004	292.660004
2020-02-05 16:37:30.712	0.00	172.5649	-23.5769	1	292.410004	292.649994
2020-02-05 16:37:31.660	0.00	172.6052	-23.5741	1	292.420013	292.660004
2020-02-05 16:37:32.598	0.00	172.5259	-23.5719	1	292.410004	292.660004
2020-02-05 16:37:33.546	0.00	172.5859	-23.5696	1	292.399994	292.660004
2020-02-05 16:37:34.478	0.00	172.5547	-23.5686	1	292.410004	292.660004
2020-02-05 16:37:35.438	0.00	172.5928	-23.5731	1	292.399994	292.660004
2020-02-05 16:37:36.378	0.00	172.7015	-23.5686	1	292.420013	292.649994
2020-02-05 16:37:37.341	0.00	172.5667	-23.5710	1	292.410004	292.649994
2020-02-05 16:37:38.265	0.00	172.5029	-23.5758	1	292.420013	292.649994
2020-02-05 16:37:39.217	0.00	172.4667	-23.5750	1	292.399994	292.640015
2020-02-05 16:37:40.144	0.00	172.3865	-23.5749	1	292.410004	292.640015
2020-02-05 16:37:41.091	0.00	172.4589	-23.5795	1	292.410004	292.660004
2020-02-05 16:37:42.028	0.00	172.3602	-23.5738	1	292.420013	292.660004
2020-02-05 16:37:42.965	0.00	172.3586	-23.5743	1	292.399994	292.649994
2020-02-05 16:37:43.939	0.00	172.2667	-23.5719	1	292.399994	292.660004
2020-02-05 16:37:44.865	0.00	172.1643	-23.5719	1	292.410004	292.649994
2020-02-05 16:37:45.815	0.00	172.2032	-23.5734	1	292.420013	292.660004
2020-02-05 16:37:46.736	0.00	172.1623	-23.5759	1	292.420013	292.649994
2020-02-05 16:37:47.675	0.00	172.2644	-23.5774	1	292.410004	292.660004
2020-02-05 16:37:48.620	0.00	172.2552	-23.5798	1	292.410004	292.640015
2020-02-05 16:37:49.584	0.00	172.2532	-23.5798	1	292.390015	292.640015
2020-02-05 16:37:50.510	0.00	172.3323	-23.5802	1	292.399994	292.649994
2020-02-05 16:37:51.463	0.00	172.3209	-23.5812	1	292.399994	292.649994
2020-02-05 16:37:52.394	0.00	172.3900	-23.5815	1	292.399994	292.660004
2020-02-05 16:37:53.346	0.00	172.3977	-23.5783	1	292.410004	292.649994
2020-02-05 16:37:54.255	0.00	172.4233	-23.5752	1	292.410004	292.649994
2020-02-05 16:37:55.190	0.00	172.3762	-23.5744	1	292.410004	292.649994
2020-02-05 16:37:56.133	0.00	172.3069	-23.5745	1	292.399994	292.649994
2020-02-05 16:37:57.073	0.00	172.3415	-23.5745	1	292.410004	292.660004
2020-02-05 16:37:58.031	0.00	172.2386	-23.5763	1	292.410004	292.649994
2020-02-05 16:37:58.956	0.00	172.3223	-23.5736	1	292.399994	292.640015
2020-02-05 16:37:59.889	0.00	172.3711	-23.5786	1	292.410004	292.649994
2020-02-05 16:38:00.856	0.00	172.4543	-23.5745	1	292.410004	292.649994
2020-02-05 16:38:01.758	0.00	172.5256	-23.5713	1	292.420013	292.640015
2020-02-05 16:38:02.740	0.00	172.4845	-23.5722	1	292.380005	292.649994
2020-02-05 16:38:03.659	0.00	172.5978	-23.5707	1	292.399994	292.660004
2020-02-05 16:38:04.617	0.00	172.5435	-23.5727	1	292.410004	292.640015
2020-02-05 16:38:05.549	0.00	172.5808	-23.5727	1	292.399994	292.660004
2020-02-05 16:38:06.484	0.00	172.6156	-23.5720	1	292.410004	292.660004
2020-02-05 16:38:07.442	0.00	172.5024	-23.5726	1	292.410004	292.640015
2020-02-05 16:38:08.373	0.00	172.5536	-23.5746	1	292.420013	292.660004
2020-02-05 16:38:09.317	0.00	172.5281	-23.5733	1	292.420013	292.649994
2020-02-05 16:38:10.257	0.00	172.5580	-23.5710	1	292.410004	292.649994
2020-02-05 16:38:11.189	0.00	172.6100	-23.5751	1	292.399994	292.640015
2020-02-05 16:38:12.145	0.00	172.4948	-23.5727	1	292.420013	292.660004
2020-02-05 16:38:13.080	0.00	172.5840	-23.5688	1	292.399994	292.649994
2020-02-05 16:38:14.018	0.00	172.5530	-23.5721	1	292.399994	292.640015
2020-02-05 16:38:15.007	0.00	172.6366	-23.5759	1	292.420013	292.640015
2020-02-05 16:38:15.899	0.00	172.6113	-23.5721	1	292.410004	292.649994
2020-02-05 16:38:16.844	0.00	172.5529	-23.5725	1	292.420013	292.660004
2020-02-05 16:38:17.799	0.00	172.6377	-23.5716	1	292.420013	292.660004
2020-02-05 16:38:18.712	0.00	172.5917	-23.5785	1	292.420013	292.660004
2020-02-05 16:38:19.641	0.00	172.7229	-23.5779	1	292.420013	292.660004
2020-02-05 16:38:20.581	0.00	172.7069	-23.5797	1	292.410004	292.649994
2020-02-05 16:38:21.534	0.00	172.7626	-23.5750	1	292.410004	292.649994
2020-02-05 16:38:22.472	0.00	172.6851	-23.5766	1	292.420013	292.649994
