TS	Tilt	Phase	Amplitude	PLL_Locked	TempSensor1	TempSensor2
2020-02-05 16:39:22.983	0.00	169.3659	-21.0198	1	292.420013	292.649994
2020-02-05 16:39:23.888	0.00	169.3774	-21.0195	1	292.420013	292.649994
2020-02-05 16:39:24.842	0.00	169.4614	-21.0180	1	292.410004	292.660004
2020-02-05 16:39:25.768	0.00	169.3672	-21.0189	1	292.420013	292.660004
2020-02-05 16:39:26.713	0.00	169.4588	-21.0126	1	292.429993	292.660004
2020-02-05 16:39:27.651	0.00	169.3993	-21.0129	1	292.420013	292.649994
2020-02-05 16:39:28.584	0.00	169.3612	-21.0176	1	292.440002	292.660004
2020-02-05 16:39:29.535	0.00	169.4271	-21.0143	1	292.420013	292.649994
2020-02-05 16:39:30.471	0.00	169.3959	-21.0129	1	292.420013	292.660004
2020-02-05 16:39:31.423	0.00	169.5009	-21.0117	1	292.429993	292.640015
2020-02-05 16:39:32.390	0.00	169.5212	-21.0120	1	292.420013	292.660004
2020-02-05 16:39:33.295	0.00	169.4788	-21.0101	1	292.420013	292.640015
2020-02-05 16:39:34.235	0.00	169.5466	-21.0112	1	292.429993	292.660004
2020-02-05 16:39:35.186	0.00	169.4745	-21.0122	1	292.420013	292.660004
2020-02-05 16:39:36.129	0.00	169.5531	-21.0111	1	292.420013	292.660004
2020-02-05 16:39:37.087	0.00	169.4428	-21.0094	1	292.420013	292.660004
2020-02-05 16:39:38.001	0.00	169.3780	-21.0099	1	292.440002	292.670013
2020-02-05 16:39:38.936	0.00	169.3334	-21.0109	1	292.440002	292.649994
2020-02-05 16:39:39.889	0.00	169.2074	-21.0097	1	292.429993	292.660004
2020-02-05 16:39:40.807	0.00	169.2710	-21.0138	1	292.440002	292.649994
2020-02-05 16:39:41.764	0.00	169.1374	-21.0145	1	292.440002	292.660004
2020-02-05 16:39:42.715	0.00	169.1570	-21.0161	1	292.420013	292.660004
2020-02-05 16:39:43.645	0.00	169.1469	-21.0123	1	292.429993	292.660004
2020-02-05 16:39:44.598	0.00	169.0834	-21.0096	1	292.429993	292.660004
2020-02-05 16:39:45.529	0.00	169.0685	-21.0112	1	292.429993	292.660004
2020-02-05 16:39:46.455	0.00	168.9944	-21.0138	1	292.429993	292.660004
2020-02-05 16:39:47.403	0.00	169.1172	-21.0151	1	292.440002	292.660004
2020-02-05 16:39:48.319	0.00	169.0909	-21.0103	1	292.429993	292.660004
2020-02-05 16:39:49.249	0.00	169.2305	-21.0105	1	292.420013	292.649994
2020-02-05 16:39:50.219	0.00	169.2170	-21.0131	1	292.440002	292.660004
2020-02-05 16:39:51.122	0.00	169.2520	-21.0116	1	292.440002	292.660004
2020-02-05 16:39:52.078	0.00	169.3048	-21.0084	1	292.440002	292.649994
2020-02-05 16:39:53.023	0.00	169.2136	-21.0064	1	292.440002	292.649994
2020-02-05 16:39:53.958	0.00	169.2509	-21.0095	1	292.450012	292.660004
2020-02-05 16:39:54.922	0.00	169.1635	-21.0055	1	292.440002	292.660004
2020-02-05 16:39:55.828	0.00	169.2220	-21.0071	1	292.440002	292.660004
2020-02-05 16:39:56.794	0.00	169.2650	-21.0074	1	292.450012	292.649994
2020-02-05 16:39:57.726	0.00	169.2117	-21.0063	1	292.440002	292.660004
2020-02-05 16:39:58.680	0.00	169.2798	-21.0087	1	292.450012	292.660004
2020-02-05 16:39:59.619	0.00	169.1563	-21.0115	1	292.450012	292.660004
2020-02-05 16:40:00.565	0.00	169.1503	-21.0087	1	292.450012	292.660004
2020-02-05 16:40:01.513	0.00	169.1229	-21.0073	1	292.459991	292.660004
2020-02-05 16:40:02.436	0.00	168.9826	-21.0070	1	292.450012	292.660004
2020-02-05 16:40:03.383	0.00	169.0427	-21.0128	1	292.440002	292.660004
2020-02-05 16:40:04.322	0.00	169.0233	-21.0089	1	292.450012	292.649994
2020-02-05 16:40:05.272	0.00	169.0477	-21.0084	1	292.450012	292.660004
2020-02-05 16:40:06.198	0.00	169.0544	-21.0094	1	292.450012	292.660004
2020-02-05 16:40:07.147	0.00	168.9666	-21.0101	1	292.450012	292.660004
2020-02-05 16:40:08.090	0.00	169.0951	-21.0166	1	292.450012	292.660004
2020-02-05 16:40:08.985	0.00	169.0693	-21.0123	1	292.440002	292.660004
2020-02-05 16:40:09.966	0.00	169.2302	-21.0057	1	292.440002	292.660004
2020-02-05 16:40:10.935	0.00	169.2580	-21.0091	1	292.450012	292.660004
2020-02-05 16:40:11.866	0.00	169.2998	-21.0134	1	292.459991	292.670013
2020-02-05 16:40:12.807	0.00	169.3796	-21.0114	1	292.450012	292.660004
2020-02-05 16:40:13.741	0.00	169.2644	-21.0100	1	292.450012	292.660004
2020-02-05 16:40:14.670	0.00	169.3009	-21.0044	1	292.459991	292.660004
2020-02-05 16:40:15.638	0.00	169.2094	-21.0032	1	292.450012	292.660004
2020-02-05 16:40:16.555	0.00	169.1624	-21.0030	1	292.470001	292.660004
2020-02-05 16:40:17.485	0.00	169.1235	-21.0041	1	292.450012	292.660004
2020-02-05 16:40:18.446	0.00	169.0173	-21.0047	1	292.470001	292.660004
2020-02-05 16:40:19.365	0.00	169.0622	-21.0075	1	292.459991	292.660004
2020-02-05 16:40:20.322	0.00	169.0293	-21.0070	1	292.459991	292.660004
2020-02-05 16:40:21.268	0.00	169.0261	-21.0061	1	292.459991	292.660004
2020-02-05 16:40:22.201	0.00	169.0573	-21.0050	1	292.459991	292.649994
2020-02-05 16:40:23.147	0.00	168.9620	-21.0087	1	292.450012	292.660004
2020-02-05 16:40:24.086	0.00	168.9885	-21.0208	1	292.470001	292.670013
2020-02-05 16:40:25.041	0.00	169.0216	-21.0188	1	292.459991	292.660004
2020-02-05 16:40:25.967	0.00	169.0147	-21.0143	1	292.470001	292.649994
2020-02-05 16:40:26.904	0.00	169.1126	-21.0099	1	292.450012	292.660004
2020-02-05 16:40:27.863	0.00	169.0936	-21.0095	1	292.459991	292.660004
2020-02-05 16:40:28.794	0.00	169.2146	-21.0094	1	292.470001	292.660004
2020-02-05 16:40:29.742	0.00	169.2101	-21.0146	1	292.470001	292.660004
2020-02-05 16:40:30.672	0.00	169.2360	-21.0146	1	292.450012	292.660004
2020-02-05 16:40:31.615	0.00	169.2354	-21.0103	1	292.470001	292.670013
2020-02-05 16:40:32.566	0.00	169.1475	-21.0132	1	292.470001	292.649994
2020-02-05 16:40:33.515	0.00	169.1598	-21.0143	1	292.470001	292.679993
2020-02-05 16:40:34.461	0.00	169.0503	-21.0225	1	292.470001	292.660004
2020-02-05 16:40:35.383	0.00	168.9411	-21.0203	1	292.470001	292.670013
2020-02-05 16:40:36.319	0.00	168.9150	-21.0219	1	292.459991	292.670013
2020-02-05 16:40:37.272	0.00	168.8730	-21.0176	1	292.470001	292.660004
2020-02-05 16:40:38.188	0.00	168.9521	-21.0078	1	292.480011	292.660004
2020-02-05 16:40:39.157	0.00	168.9520	-21.0114	1	292.459991	292.660004
2020-02-05 16:40:40.070	0.00	168.9300	-21.0149	1	292.470001	292.660004
2020-02-05 16:40:41.025	0.00	168.9428	-21.0167	1	292.470001	292.660004
2020-02-05 16:40:41.976	0.00	168.8431	-21.0257	1	292.470001	292.670013
2020-02-05 16:40:42.911	0.00	168.8555	-21.0236	1	292.470001	292.660004
2020-02-05 16:40:43.860	0.00	168.7572	-21.0197	1	292.470001	292.670013
2020-02-05 16:40:44.805	0.00	168.7243	-21.0089	1	292.480011	292.660004
2020-02-05 16:40:45.750	0.00	168.7401	-21.0081	1	292.470001	292.670013
2020-02-05 16:40:46.661	0.00	168.7032	-21.0126	1	292.470001	292.679993
2020-02-05 16:40:47.621	0.00	168.7262	-21.0156	1	292.470001	292.660004
2020-02-05 16:40:48.559	0.00	168.6036	-21.0174	1	292.480011	292.660004
2020-02-05 16:40:49.491	0.00	168.6404	-21.0174	1	292.470001	292.670013
2020-02-05 16:40:50.409	0.00	168.5872	-21.0192	1	292.480011	292.649994
2020-02-05 16:40:51.337	0.00	168.6875	-21.0245	1	292.470001	292.660004
2020-02-05 16:40:52.298	0.00	168.6858	-21.0201	1	292.500000	292.660004
2020-02-05 16:40:53.239	0.00	168.7424	-21.0160	1	292.470001	292.660004
2020-02-05 16:40:54.201	0.00	168.7930	-21.0177	1	292.489990	292.660004
2020-02-05 16:40:55.110	0.00	168.7608	-21.0185	1	292.480011	292.679993
2020-02-05 16:40:56.051	0.00	168.8281	-21.0171	1	292.480011	292.679993
2020-02-05 16:40:56.968	0.00	168.8397	-21.0103	1	292.470001	292.660004
2020-02-05 16:40:57.943	0.00	168.8586	-21.0059	1	292.480011	292.670013
2020-02-05 16:40:58.875	0.00	168.8882	-21.0131	1	292.480011	292.660004
2020-02-05 16:40:59.798	0.00	168.8637	-21.0079	1	292.470001	292.660004
2020-02-05 16:41:00.749	0.00	168.9893	-21.0037	1	292.470001	292.679993
2020-02-05 16:41:01.680	0.00	168.9698	-21.0075	1	292.470001	292.660004
2020-02-05 16:41:02.626	0.00	169.0636	-21.0201	1	292.470001	292.679993
2020-02-05 16:41:03.552	0.00	168.9590	-21.0060	1	292.470001	292.670013
2020-02-05 16:41:04.543	0.00	168.9867	-21.0031	1	292.470001	292.670013
2020-02-05 16:41:05.403	0.00	168.9887	-21.0018	1	292.470001	292.670013
2020-02-05 16:41:06.385	0.00	168.8790	-21.0008	1	292.470001	292.670013
2020-02-05 16:41:07.311	0.00	168.9190	-21.0043	1	292.470001	292.660004
2020-02-05 16:41:08.289	0.00	168.9025	-21.0035	1	292.480011	292.670013
2020-02-05 16:41:09.194	0.00	168.9701	-21.0087	1	292.470001	292.679993
2020-02-05 16:41:10.134	0.00	168.8194	-21.0042	1	292.470001	292.670013
2020-02-05 16:41:11.074	0.00	168.8271	-21.0038	1	292.470001	292.679993
2020-02-05 16:41:12.024	0.00	168.7648	-21.0068	1	292.470001	292.670013
2020-02-05 16:41:12.941	0.00	168.7125	-21.0070	1	292.480011	292.679993
2020-02-05 16:41:13.886	0.00	168.7719	-21.0088	1	292.480011	292.660004
2020-02-05 16:41:14.822	0.00	168.6680	-21.0054	1	292.470001	292.670013
2020-02-05 16:41:15.761	0.00	168.7118	-21.0073	1	292.470001	292.660004
2020-02-05 16:41:16.710	0.00	168.7137	-20.9999	1	292.459991	292.670013
2020-02-05 16:41:17.618	0.00	168.6877	-21.0019	1	292.470001	292.670013
2020-02-05 16:41:18.579	0.00	168.6802	-21.0009	1	292.480011	292.660004
2020-02-05 16:41:19.538	0.00	168.6535	-20.9961	1	292.470001	292.670013
2020-02-05 16:41:20.458	0.00	168.7355	-20.9995	1	292.480011	292.660004
2020-02-05 16:41:21.395	0.00	168.6871	-20.9981	1	292.470001	292.660004
2020-02-05 16:41:22.343	0.00	168.7865	-20.9976	1	292.470001	292.670013
2020-02-05 16:41:23.256	0.00	168.8437	-20.9990	1	292.470001	292.670013
2020-02-05 16:41:24.212	0.00	168.9363	-21.0013	1	292.480011	292.679993
2020-02-05 16:41:25.141	0.00	168.9768	-21.0017	1	292.480011	292.679993
2020-02-05 16:41:26.088	0.00	168.8649	-21.0007	1	292.450012	292.670013
2020-02-05 16:41:27.051	0.00	168.9276	-21.0070	1	292.480011	292.660004
2020-02-05 16:41:27.955	0.00	168.8187	-21.0077	1	292.459991	292.670013
2020-02-05 16:41:28.904	0.00	168.7874	-21.0053	1	292.480011	292.670013
2020-02-05 16:41:29.861	0.00	168.8858	-21.0051	1	292.480011	292.670013
2020-02-05 16:41:30.792	0.00	168.8974	-21.0047	1	292.470001	292.679993
2020-02-05 16:41:31.734	0.00	168.9988	-21.0100	1	292.470001	292.690002
2020-02-05 16:41:32.696	0.00	169.0068	-21.0113	1	292.480011	292.670013
2020-02-05 16:41:33.617	0.00	169.0158	-21.0138	1	292.480011	292.679993
2020-02-05 16:41:34.555	0.00	168.8480	-21.0028	1	292.489990	292.670013
2020-02-05 16:41:35.480	0.00	168.8765	-21.0089	1	292.470001	292.670013
2020-02-05 16:41:36.412	0.00	168.9034	-21.0087	1	292.480011	292.670013
2020-02-05 16:41:37.381	0.00	168.8649	-21.0087	1	292.480011	292.679993
2020-02-05 16:41:38.302	0.00	168.9816	-21.0010	1	292.489990	292.679993
2020-02-05 16:41:39.259	0.00	168.9057	-20.9980	1	292.470001	292.679993
2020-02-05 16:41:40.200	0.00	168.8071	-21.0033	1	292.480011	292.679993
2020-02-05 16:41:41.131	0.00	168.7796	-21.0127	1	292.489990	292.679993
2020-02-05 16:41:42.082	0.00	168.7345	-21.0105	1	292.470001	292.670013
2020-02-05 16:41:43.027	0.00	168.8752	-21.0029	1	292.489990	292.660004
2020-02-05 16:41:43.969	0.00	168.7915	-21.0074	1	292.489990	292.679993
2020-02-05 16:41:44.892	0.00	168.8401	-21.0020	1	292.489990	292.679993
2020-02-05 16:41:45.825	0.00	168.7533	-21.0039	1	292.489990	292.690002
2020-02-05 16:41:46.745	0.00	168.8149	-21.0036	1	292.480011	292.670013
2020-02-05 16:41:47.707	0.00	168.8669	-21.0062	1	292.500000	292.679993
2020-02-05 16:41:48.614	0.00	168.9783	-20.9983	1	292.489990	292.679993
2020-02-05 16:41:49.552	0.00	169.0280	-21.0038	1	292.489990	292.679993
2020-02-05 16:41:50.493	0.00	169.1038	-20.9994	1	292.489990	292.679993
2020-02-05 16:41:51.436	0.00	169.1970	-21.0070	1	292.480011	292.670013
2020-02-05 16:41:52.366	0.00	169.1024	-21.0030	1	292.489990	292.679993
2020-02-05 16:41:53.307	0.00	169.1755	-21.0062	1	292.470001	292.679993
2020-02-05 16:41:54.228	0.00	169.1048	-20.9992	1	292.480011	292.679993
2020-02-05 16:41:55.168	0.00	169.1946	-20.9972	1	292.480011	292.660004
2020-02-05 16:41:56.121	0.00	169.1452	-21.0056	1	292.480011	292.679993
2020-02-05 16:41:57.056	0.00	169.0751	-21.0039	1	292.470001	292.670013
2020-02-05 16:41:57.977	0.00	169.1334	-21.0016	1	292.480011	292.679993
2020-02-05 16:41:58.893	0.00	169.0614	-21.0059	1	292.480011	292.679993
2020-02-05 16:41:59.892	0.00	169.2285	-21.0070	1	292.480011	292.660004
2020-02-05 16:42:00.813	0.00	169.1866	-21.0025	1	292.470001	292.670013
2020-02-05 16:42:01.768	0.00	169.0970	-21.0031	1	292.480011	292.670013
2020-02-05 16:42:02.713	0.00	169.0727	-21.0114	1	292.480011	292.670013
2020-02-05 16:42:03.650	0.00	168.9619	-21.0076	1	292.470001	292.670013
2020-02-05 16:42:04.604	0.00	168.9890	-21.0108	1	292.470001	292.670013
2020-02-05 16:42:05.542	0.00	168.9001	-21.0170	1	292.480011	292.679993
2020-02-05 16:42:06.467	0.00	168.9026	-21.0144	1	292.470001	292.660004
2020-02-05 16:42:07.421	0.00	168.9293	-21.0082	1	292.459991	292.679993
2020-02-05 16:42:08.348	0.00	168.9074	-21.0073	1	292.480011	292.679993
2020-02-05 16:42:09.310	0.00	169.0447	-21.0086	1	292.470001	292.679993
2020-02-05 16:42:10.226	0.00	169.0595	-21.0051	1	292.480011	292.670013
2020-02-05 16:42:11.182	0.00	169.0480	-21.0099	1	292.470001	292.679993
2020-02-05 16:42:12.134	0.00	169.0836	-21.0081	1	292.470001	292.670013
2020-02-05 16:42:13.068	0.00	169.0057	-21.0053	1	292.470001	292.679993
2020-02-05 16:42:14.035	0.00	168.9675	-21.0050	1	292.470001	292.679993
2020-02-05 16:42:14.949	0.00	168.8890	-21.0083	1	292.470001	292.679993
2020-02-05 16:42:15.901	0.00	168.8453	-21.0113	1	292.459991	292.670013
2020-02-05 16:42:16.833	0.00	168.8602	-21.0074	1	292.480011	292.670013
2020-02-05 16:42:17.741	0.00	168.7704	-21.0069	1	292.470001	292.670013
2020-02-05 16:42:18.716	0.00	168.8590	-21.0095	1	292.459991	292.660004
2020-02-05 16:42:19.644	0.00	168.7711	-21.0078	1	292.459991	292.670013
2020-02-05 16:42:20.595	0.00	168.7993	-21.0119	1	292.470001	292.690002
2020-02-05 16:42:21.548	0.00	168.8662	-21.0156	1	292.470001	292.679993
2020-02-05 16:42:22.489	0.00	168.8547	-21.0158	1	292.480011	292.670013
2020-02-05 16:42:23.416	0.00	168.9315	-21.0151	1	292.480011	292.679993
2020-02-05 16:42:24.346	0.00	168.8972	-21.0133	1	292.470001	292.670013
2020-02-05 16:42:25.304	0.00	168.9555	-21.0138	1	292.459991	292.670013
2020-02-05 16:42:26.235	0.00	168.9037	-21.0218	1	292.470001	292.679993
2020-02-05 16:42:27.168	0.00	168.8989	-21.0193	1	292.489990	292.690002
2020-02-05 16:42:28.093	0.00	168.9289	-21.0218	1	292.470001	292.679993
2020-02-05 16:42:29.031	0.00	168.8999	-21.0112	1	292.489990	292.690002
2020-02-05 16:42:30.010	0.00	168.9923	-21.0121	1	292.470001	292.670013
2020-02-05 16:42:30.920	0.00	168.9313	-21.0043	1	292.489990	292.679993
2020-02-05 16:42:31.874	0.00	168.9333	-21.0048	1	292.480011	292.670013
2020-02-05 16:42:32.838	0.00	168.9661	-21.0056	1	292.470001	292.670013
2020-02-05 16:42:33.753	0.00	168.8990	-21.0058	1	292.470001	292.660004
2020-02-05 16:42:34.737	0.00	168.9874	-21.0076	1	292.480011	292.679993
2020-02-05 16:42:35.640	0.00	168.8954	-21.0111	1	292.459991	292.660004
2020-02-05 16:42:36.568	0.00	169.0099	-21.0058	1	292.470001	292.690002
2020-02-05 16:42:37.514	0.00	169.0574	-21.0073	1	292.470001	292.679993
2020-02-05 16:42:38.457	0.00	169.0542	-21.0066	1	292.470001	292.679993
2020-02-05 16:42:39.408	0.00	169.1009	-21.0096	1	292.470001	292.690002
2020-02-05 16:42:40.356	0.00	169.0027	-21.0080	1	292.470001	292.660004
2020-02-05 16:42:41.260	0.00	168.9940	-21.0100	1	292.470001	292.679993
2020-02-05 16:42:42.230	0.00	168.9205	-21.0060	1	292.470001	292.679993
2020-02-05 16:42:43.166	0.00	168.8513	-21.0090	1	292.470001	292.679993
2020-02-05 16:42:44.108	0.00	168.8925	-21.0054	1	292.480011	292.679993
2020-02-05 16:42:45.032	0.00	168.8301	-21.0056	1	292.459991	292.679993
2020-02-05 16:42:45.962	0.00	169.0134	-21.0100	1	292.459991	292.670013
2020-02-05 16:42:46.906	0.00	168.9805	-21.0072	1	292.470001	292.679993
2020-02-05 16:42:47.865	0.00	169.1250	-21.0096	1	292.470001	292.670013
2020-02-05 16:42:48.785	0.00	169.1713	-21.0106	1	292.470001	292.670013
2020-02-05 16:42:49.714	0.00	169.1393	-21.0068	1	292.459991	292.679993
2020-02-05 16:42:50.675	0.00	169.2243	-21.0070	1	292.470001	292.670013
2020-02-05 16:42:51.616	0.00	169.1759	-21.0035	1	292.459991	292.670013
2020-02-05 16:42:52.539	0.00	169.2802	-21.0085	1	292.459991	292.679993
2020-02-05 16:42:53.462	0.00	169.2304	-21.0056	1	292.470001	292.679993
2020-02-05 16:42:54.424	0.00	169.2891	-21.0136	1	292.470001	292.679993
2020-02-05 16:42:55.348	0.00	169.1787	-21.0179	1	292.459991	292.670013
2020-02-05 16:42:56.298	0.00	169.0875	-21.0193	1	292.480011	292.690002
2020-02-05 16:42:57.241	0.00	168.9919	-21.0348	1	292.470001	292.670013
2020-02-05 16:42:58.195	0.00	168.8721	-21.0260	1	292.459991	292.679993
2020-02-05 16:42:59.120	0.00	168.9449	-21.0363	1	292.459991	292.679993
2020-02-05 16:43:00.064	0.00	168.8391	-21.0427	1	292.470001	292.679993
2020-02-05 16:43:01.000	0.00	168.8583	-21.0262	1	292.459991	292.679993
2020-02-05 16:43:01.942	0.00	168.8924	-21.0143	1	292.459991	292.679993
2020-02-05 16:43:02.894	0.00	168.8858	-21.0163	1	292.459991	292.670013
2020-02-05 16:43:03.818	0.00	168.9795	-21.0270	1	292.459991	292.670013
2020-02-05 16:43:04.766	0.00	168.9698	-21.0235	1	292.450012	292.690002
2020-02-05 16:43:05.689	0.00	169.0638	-21.0245	1	292.470001	292.679993
2020-02-05 16:43:06.635	0.00	169.0668	-21.0196	1	292.470001	292.679993
2020-02-05 16:43:07.595	0.00	168.9737	-21.0164	1	292.470001	292.679993
2020-02-05 16:43:08.513	0.00	169.0799	-21.0207	1	292.480011	292.679993
2020-02-05 16:43:09.487	0.00	169.0556	-21.0087	1	292.470001	292.679993
2020-02-05 16:43:10.418	0.00	169.1841	-21.0070	1	292.470001	292.700012
2020-02-05 16:43:11.354	0.00	169.1520	-21.0054	1	292.470001	292.670013
2020-02-05 16:43:12.304	0.00	168.9939	-21.0162	1	292.450012	292.679993
2020-02-05 16:43:13.219	0.00	169.0593	-21.0206	1	292.470001	292.670013
2020-02-05 16:43:14.169	0.00	168.9669	-21.0194	1	292.470001	292.679993
2020-02-05 16:43:15.121	0.00	169.0341	-21.0185	1	292.470001	292.679993
2020-02-05 16:43:16.060	0.00	169.0073	-21.0320	1	292.470001	292.679993
2020-02-05 16:43:17.007	0.00	168.9495	-21.0221	1	292.459991	292.670013
2020-02-05 16:43:17.941	0.00	169.0729	-21.0231	1	292.470001	292.670013
2020-02-05 16:43:18.882	0.00	169.0484	-21.0194	1	292.470001	292.679993
2020-02-05 16:43:19.815	0.00	169.0729	-21.0185	1	292.470001	292.679993
2020-02-05 16:43:20.763	0.00	168.9597	-21.0160	1	292.459991	292.670013
2020-02-05 16:43:21.696	0.00	168.8776	-21.0143	1	292.470001	292.679993
2020-02-05 16:43:22.628	0.00	168.8126	-21.0166	1	292.470001	292.679993
2020-02-05 16:43:23.557	0.00	168.8143	-21.0121	1	292.459991	292.679993
2020-02-05 16:43:24.529	0.00	168.7900	-21.0172	1	292.470001	292.670013
2020-02-05 16:43:25.451	0.00	168.7163	-21.0162	1	292.470001	292.679993
2020-02-05 16:43:26.394	0.00	168.8056	-21.0129	1	292.450012	292.679993
2020-02-05 16:43:27.339	0.00	168.8236	-21.0182	1	292.459991	292.679993
2020-02-05 16:43:28.272	0.00	168.8472	-21.0183	1	292.459991	292.690002
2020-02-05 16:43:29.237	0.00	168.8713	-21.0193	1	292.470001	292.679993
2020-02-05 16:43:30.159	0.00	168.7975	-21.0220	1	292.480011	292.679993
2020-02-05 16:43:31.106	0.00	168.8987	-21.0377	1	292.470001	292.679993
2020-02-05 16:43:32.021	0.00	168.7971	-21.0268	1	292.450012	292.660004
2020-02-05 16:43:32.972	0.00	168.8519	-21.0349	1	292.459991	292.679993
2020-02-05 16:43:33.933	0.00	168.8243	-21.0216	1	292.459991	292.679993
2020-02-05 16:43:34.850	0.00	168.6932	-21.0278	1	292.450012	292.670013
2020-02-05 16:43:35.807	0.00	168.7010	-21.0277	1	292.470001	292.679993
2020-02-05 16:43:36.770	0.00	168.6158	-21.0318	1	292.459991	292.679993
2020-02-05 16:43:37.702	0.00	168.6171	-21.0357	1	292.450012	292.670013
2020-02-05 16:43:38.648	0.00	168.6862	-21.0452	1	292.440002	292.679993
2020-02-05 16:43:39.573	0.00	168.6525	-21.0368	1	292.450012	292.679993
2020-02-05 16:43:40.553	0.00	168.6927	-21.0282	1	292.459991	292.679993
2020-02-05 16:43:41.462	0.00	168.7115	-21.0181	1	292.470001	292.690002
2020-02-05 16:43:42.401	0.00	168.7435	-21.0210	1	292.440002	292.670013
2020-02-05 16:43:43.344	0.00	168.8343	-21.0208	1	292.459991	292.679993
2020-02-05 16:43:44.269	0.00	168.8602	-21.0246	1	292.440002	292.679993
2020-02-05 16:43:45.200	0.00	168.9275	-21.0182	1	292.450012	292.679993
2020-02-05 16:43:46.161	0.00	168.8650	-21.0295	1	292.470001	292.690002
2020-02-05 16:43:47.072	0.00	168.9683	-21.0167	1	292.459991	292.670013
2020-02-05 16:43:48.033	0.00	168.9167	-21.0224	1	292.470001	292.670013
2020-02-05 16:43:48.940	0.00	168.9522	-21.0243	1	292.459991	292.660004
2020-02-05 16:43:49.903	0.00	168.9192	-21.0258	1	292.459991	292.670013
2020-02-05 16:43:50.837	0.00	168.8574	-21.0254	1	292.459991	292.660004
2020-02-05 16:43:51.792	0.00	169.0184	-21.0184	1	292.459991	292.679993
2020-02-05 16:43:52.737	0.00	169.0173	-21.0205	1	292.450012	292.690002
2020-02-05 16:43:53.664	0.00	169.1407	-21.0182	1	292.450012	292.679993
2020-02-05 16:43:54.606	0.00	169.1582	-21.0297	1	292.470001	292.679993
2020-02-05 16:43:55.566	0.00	169.1285	-21.0272	1	292.470001	292.679993
2020-02-05 16:43:56.486	0.00	169.1511	-21.0279	1	292.450012	292.670013
2020-02-05 16:43:57.422	0.00	169.0876	-21.0210	1	292.459991	292.670013
2020-02-05 16:43:58.368	0.00	169.1436	-21.0266	1	292.459991	292.679993
2020-02-05 16:43:59.314	0.00	169.1181	-21.0205	1	292.459991	292.679993
2020-02-05 16:44:00.274	0.00	169.1058	-21.0301	1	292.450012	292.679993
2020-02-05 16:44:01.216	0.00	169.1695	-21.0251	1	292.450012	292.679993
2020-02-05 16:44:02.167	0.00	169.1818	-21.0275	1	292.470001	292.679993
2020-02-05 16:44:03.083	0.00	169.3451	-21.0226	1	292.450012	292.690002
2020-02-05 16:44:04.023	0.00	169.4264	-21.0086	1	292.440002	292.670013
2020-02-05 16:44:04.979	0.00	169.4029	-21.0134	1	292.450012	292.670013
2020-02-05 16:44:05.902	0.00	169.4783	-21.0057	1	292.440002	292.679993
2020-02-05 16:44:06.860	0.00	169.3727	-21.0143	1	292.450012	292.660004
2020-02-05 16:44:07.784	0.00	169.3601	-21.0093	1	292.440002	292.660004
2020-02-05 16:44:08.744	0.00	169.2987	-21.0124	1	292.450012	292.670013
2020-02-05 16:44:09.687	0.00	169.2526	-21.0208	1	292.450012	292.679993
2020-02-05 16:44:10.617	0.00	169.3290	-21.0177	1	292.440002	292.679993
2020-02-05 16:44:11.576	0.00	169.2525	-21.0109	1	292.440002	292.679993
2020-02-05 16:44:12.503	0.00	169.3397	-21.0196	1	292.450012	292.660004
2020-02-05 16:44:13.426	0.00	169.2855	-21.0155	1	292.440002	292.679993
2020-02-05 16:44:14.396	0.00	169.2406	-21.0212	1	292.440002	292.679993
2020-02-05 16:44:15.328	0.00	169.3220	-21.0135	1	292.440002	292.679993
2020-02-05 16:44:16.325	0.00	169.2855	-21.0146	1	292.450012	292.679993
2020-02-05 16:44:17.215	0.00	169.3938	-21.0124	1	292.440002	292.670013
2020-02-05 16:44:18.158	0.00	169.4595	-21.0154	1	292.440002	292.679993
2020-02-05 16:44:19.098	0.00	169.5044	-21.0108	1	292.450012	292.690002
2020-02-05 16:44:20.032	0.00	169.5186	-21.0048	1	292.440002	292.679993
2020-02-05 16:44:20.977	0.00	169.3607	-21.0086	1	292.450012	292.679993
2020-02-05 16:44:21.920	0.00	169.3601	-21.0086	1	292.440002	292.679993
2020-02-05 16:44:22.849	0.00	169.3525	-21.0091	1	292.450012	292.670013
2020-02-05 16:44:23.794	0.00	169.2724	-21.0123	1	292.440002	292.679993
2020-02-05 16:44:24.729	0.00	169.2751	-21.0144	1	292.440002	292.679993
2020-02-05 16:44:25.696	0.00	169.2434	-21.0115	1	292.450012	292.670013
2020-02-05 16:44:26.624	0.00	169.3572	-21.0170	1	292.450012	292.679993
2020-02-05 16:44:27.545	0.00	169.2456	-21.0206	1	292.440002	292.679993
2020-02-05 16:44:28.509	0.00	169.1600	-21.0238	1	292.459991	292.670013
2020-02-05 16:44:29.445	0.00	169.1630	-21.0119	1	292.450012	292.670013
2020-02-05 16:44:30.414	0.00	169.0745	-21.0106	1	292.450012	292.670013
2020-02-05 16:44:31.316	0.00	169.0902	-21.0180	1	292.450012	292.679993
2020-02-05 16:44:32.294	0.00	169.0208	-21.0168	1	292.450012	292.679993
2020-02-05 16:44:33.215	0.00	168.9340	-21.0074	1	292.440002	292.679993
2020-02-05 16:44:34.169	0.00	168.9629	-21.0086	1	292.450012	292.679993
2020-02-05 16:44:35.125	0.00	169.0135	-21.0042	1	292.450012	292.679993
2020-02-05 16:44:36.041	0.00	169.1335	-21.0048	1	292.450012	292.690002
2020-02-05 16:44:36.999	0.00	169.2206	-21.0180	1	292.450012	292.679993
2020-02-05 16:44:37.936	0.00	169.2834	-21.0283	1	292.440002	292.679993
2020-02-05 16:44:38.867	0.00	169.4258	-21.0137	1	292.450012	292.670013
2020-02-05 16:44:39.836	0.00	169.4246	-21.0152	1	292.450012	292.670013
2020-02-05 16:44:40.777	0.00	169.4826	-21.0158	1	292.440002	292.670013
2020-02-05 16:44:41.743	0.00	169.4828	-21.0186	1	292.450012	292.679993
2020-02-05 16:44:42.650	0.00	169.3071	-21.0146	1	292.420013	292.660004
2020-02-05 16:44:43.580	0.00	169.2943	-21.0168	1	292.440002	292.670013
2020-02-05 16:44:44.507	0.00	169.2003	-21.0199	1	292.429993	292.679993
2020-02-05 16:44:45.455	0.00	169.2752	-21.0218	1	292.450012	292.670013
2020-02-05 16:44:46.388	0.00	169.2436	-21.0177	1	292.450012	292.679993
2020-02-05 16:44:47.352	0.00	169.3382	-21.0237	1	292.440002	292.679993
2020-02-05 16:44:48.256	0.00	169.2983	-21.0249	1	292.450012	292.679993
2020-02-05 16:44:49.212	0.00	169.2099	-21.0139	1	292.440002	292.690002
2020-02-05 16:44:50.155	0.00	169.3315	-21.0217	1	292.450012	292.679993
2020-02-05 16:44:51.092	0.00	169.3203	-21.0147	1	292.429993	292.679993
2020-02-05 16:44:52.047	0.00	169.3389	-21.0089	1	292.440002	292.660004
2020-02-05 16:44:52.982	0.00	169.3829	-21.0091	1	292.440002	292.670013
2020-02-05 16:44:53.951	0.00	169.3512	-21.0164	1	292.450012	292.690002
2020-02-05 16:44:54.864	0.00	169.4188	-21.0139	1	292.440002	292.679993
2020-02-05 16:44:55.799	0.00	169.3792	-21.0202	1	292.429993	292.690002
2020-02-05 16:44:56.773	0.00	169.4265	-21.0105	1	292.440002	292.670013
2020-02-05 16:44:57.701	0.00	169.4631	-21.0092	1	292.429993	292.690002
2020-02-05 16:44:58.634	0.00	169.2889	-21.0034	1	292.440002	292.670013
2020-02-05 16:44:59.574	0.00	169.2154	-21.0150	1	292.450012	292.670013
2020-02-05 16:45:00.502	0.00	169.0907	-21.0052	1	292.440002	292.670013
2020-02-05 16:45:01.469	0.00	169.1377	-21.0056	1	292.429993	292.690002
2020-02-05 16:45:02.372	0.00	169.0387	-21.0196	1	292.429993	292.690002
2020-02-05 16:45:03.326	0.00	169.0262	-21.0123	1	292.440002	292.679993
2020-02-05 16:45:04.258	0.00	169.0898	-21.0121	1	292.429993	292.670013
2020-02-05 16:45:05.222	0.00	169.0212	-21.0171	1	292.440002	292.679993
2020-02-05 16:45:06.165	0.00	169.1466	-21.0092	1	292.440002	292.679993
2020-02-05 16:45:07.087	0.00	169.1327	-21.0127	1	292.440002	292.679993
2020-02-05 16:45:08.050	0.00	169.0749	-21.0192	1	292.450012	292.679993
2020-02-05 16:45:08.994	0.00	169.1189	-21.0168	1	292.440002	292.679993
2020-02-05 16:45:09.930	0.00	168.9534	-21.0231	1	292.429993	292.679993
2020-02-05 16:45:10.895	0.00	168.9749	-21.0291	1	292.440002	292.700012
2020-02-05 16:45:11.816	0.00	168.8709	-21.0200	1	292.420013	292.670013
2020-02-05 16:45:12.747	0.00	168.7859	-21.0177	1	292.450012	292.670013
2020-02-05 16:45:13.664	0.00	168.7743	-21.0181	1	292.440002	292.679993
2020-02-05 16:45:14.619	0.00	168.6524	-21.0241	1	292.440002	292.670013
2020-02-05 16:45:15.581	0.00	168.7056	-21.0350	1	292.440002	292.679993
2020-02-05 16:45:16.499	0.00	168.6471	-21.0151	1	292.440002	292.679993
2020-02-05 16:45:17.461	0.00	168.7130	-21.0229	1	292.440002	292.670013
2020-02-05 16:45:18.396	0.00	168.8340	-21.0204	1	292.440002	292.670013
2020-02-05 16:45:19.345	0.00	168.7695	-21.0132	1	292.450012	292.679993
2020-02-05 16:45:20.290	0.00	168.8641	-21.0109	1	292.440002	292.679993
2020-02-05 16:45:21.211	0.00	168.9189	-21.0114	1	292.450012	292.670013
2020-02-05 16:45:22.162	0.00	168.9319	-21.0064	1	292.450012	292.679993
2020-02-05 16:45:23.115	0.00	168.9501	-21.0099	1	292.440002	292.679993
2020-02-05 16:45:24.065	0.00	168.7254	-21.0020	1	292.440002	292.679993
2020-02-05 16:45:25.003	0.00	168.6954	-21.0061	1	292.450012	292.679993
2020-02-05 16:45:25.932	0.00	168.6337	-21.0009	1	292.440002	292.670013
2020-02-05 16:45:26.857	0.00	168.7620	-21.0038	1	292.450012	292.670013
2020-02-05 16:45:27.811	0.00	168.8264	-21.0100	1	292.440002	292.670013
2020-02-05 16:45:28.724	0.00	168.8058	-21.0033	1	292.440002	292.679993
2020-02-05 16:45:29.677	0.00	168.8866	-21.0118	1	292.440002	292.679993
2020-02-05 16:45:30.593	0.00	168.7914	-21.0129	1	292.440002	292.679993
2020-02-05 16:45:31.548	0.00	168.7851	-21.0082	1	292.429993	292.679993
2020-02-05 16:45:32.488	0.00	168.6439	-21.0067	1	292.440002	292.679993
2020-02-05 16:45:33.429	0.00	168.6763	-21.0030	1	292.440002	292.679993
2020-02-05 16:45:34.402	0.00	168.7485	-21.0037	1	292.450012	292.660004
2020-02-05 16:45:35.325	0.00	168.7239	-21.0038	1	292.440002	292.690002
2020-02-05 16:45:36.255	0.00	168.8207	-21.0074	1	292.450012	292.670013
2020-02-05 16:45:37.225	0.00	168.7337	-21.0051	1	292.440002	292.690002
2020-02-05 16:45:38.138	0.00	168.7564	-21.0089	1	292.440002	292.679993
2020-02-05 16:45:39.026	0.00	168.8042	-21.0063	1	292.440002	292.679993
2020-02-05 16:45:40.062	0.00	168.6935	-21.0027	1	292.450012	292.690002
2020-02-05 16:45:40.977	0.00	168.7370	-21.0023	1	292.440002	292.679993
2020-02-05 16:45:41.916	0.00	168.6174	-21.0037	1	292.440002	292.679993
2020-02-05 16:45:42.870	0.00	168.6299	-21.0020	1	292.440002	292.679993
2020-02-05 16:45:43.793	0.00	168.6431	-21.0066	1	292.429993	292.679993
2020-02-05 16:45:44.721	0.00	168.5705	-20.9999	1	292.440002	292.679993
2020-02-05 16:45:45.664	0.00	168.5503	-21.0031	1	292.440002	292.679993
2020-02-05 16:45:46.598	0.00	168.4797	-20.9994	1	292.440002	292.670013
2020-02-05 16:45:47.531	0.00	168.5418	-21.0014	1	292.440002	292.679993
2020-02-05 16:45:48.489	0.00	168.5222	-21.0043	1	292.440002	292.690002
2020-02-05 16:45:49.396	0.00	168.6549	-20.9988	1	292.440002	292.700012
2020-02-05 16:45:50.332	0.00	168.6154	-21.0042	1	292.429993	292.679993
2020-02-05 16:45:51.257	0.00	168.6318	-21.0013	1	292.429993	292.670013
2020-02-05 16:45:52.207	0.00	168.5870	-21.0042	1	292.429993	292.679993
2020-02-05 16:45:53.134	0.00	168.5691	-21.0026	1	292.440002	292.679993
2020-02-05 16:45:54.086	0.00	168.6443	-21.0030	1	292.429993	292.660004
2020-02-05 16:45:55.004	0.00	168.5200	-21.0050	1	292.440002	292.670013
2020-02-05 16:45:55.963	0.00	168.6339	-21.0107	1	292.440002	292.670013
2020-02-05 16:45:56.895	0.00	168.5468	-21.0123	1	292.420013	292.670013
2020-02-05 16:45:57.830	0.00	168.5551	-21.0138	1	292.420013	292.679993
2020-02-05 16:45:58.793	0.00	168.4657	-21.0137	1	292.429993	292.679993
2020-02-05 16:45:59.738	0.00	168.4475	-21.0158	1	292.440002	292.679993
2020-02-05 16:46:00.644	0.00	168.4887	-21.0147	1	292.429993	292.679993
2020-02-05 16:46:01.595	0.00	168.4332	-21.0081	1	292.429993	292.670013
2020-02-05 16:46:02.520	0.00	168.4279	-21.0132	1	292.440002	292.679993
2020-02-05 16:46:03.472	0.00	168.2988	-21.0106	1	292.440002	292.679993
2020-02-05 16:46:04.406	0.00	168.2509	-21.0095	1	292.429993	292.679993
2020-02-05 16:46:05.327	0.00	168.1745	-21.0117	1	292.429993	292.679993
2020-02-05 16:46:06.267	0.00	168.1622	-21.0102	1	292.440002	292.679993
2020-02-05 16:46:07.198	0.00	168.2439	-21.0080	1	292.440002	292.679993
2020-02-05 16:46:08.148	0.00	168.1820	-21.0095	1	292.429993	292.679993
2020-02-05 16:46:09.109	0.00	168.2560	-21.0050	1	292.440002	292.670013
2020-02-05 16:46:10.071	0.00	168.2801	-21.0056	1	292.440002	292.670013
2020-02-05 16:46:10.979	0.00	168.2600	-21.0052	1	292.429993	292.679993
2020-02-05 16:46:11.924	0.00	168.3275	-21.0124	1	292.429993	292.679993
2020-02-05 16:46:12.885	0.00	168.2611	-21.0071	1	292.429993	292.679993
2020-02-05 16:46:13.817	0.00	168.3271	-21.0025	1	292.429993	292.679993
2020-02-05 16:46:14.763	0.00	168.2090	-21.0026	1	292.429993	292.670013
2020-02-05 16:46:15.686	0.00	168.2312	-21.0067	1	292.429993	292.679993
2020-02-05 16:46:16.624	0.00	168.1981	-21.0074	1	292.440002	292.670013
2020-02-05 16:46:17.567	0.00	168.0995	-21.0073	1	292.420013	292.670013
2020-02-05 16:46:18.513	0.00	168.1158	-21.0060	1	292.420013	292.670013
2020-02-05 16:46:19.473	0.00	168.0443	-21.0036	1	292.440002	292.679993
2020-02-05 16:46:20.392	0.00	168.1149	-21.0082	1	292.440002	292.679993
2020-02-05 16:46:21.355	0.00	168.1635	-21.0084	1	292.429993	292.679993
2020-02-05 16:46:22.283	0.00	168.1292	-21.0057	1	292.429993	292.679993
2020-02-05 16:46:23.223	0.00	168.2466	-21.0095	1	292.420013	292.670013
2020-02-05 16:46:24.152	0.00	168.1930	-21.0134	1	292.440002	292.679993
2020-02-05 16:46:25.102	0.00	168.1701	-21.0088	1	292.420013	292.679993
2020-02-05 16:46:26.054	0.00	168.2115	-21.0078	1	292.420013	292.679993
2020-02-05 16:46:26.994	0.00	168.1535	-21.0086	1	292.440002	292.679993
2020-02-05 16:46:27.935	0.00	168.2006	-21.0142	1	292.420013	292.679993
2020-02-05 16:46:28.891	0.00	168.1579	-21.0126	1	292.440002	292.679993
2020-02-05 16:46:29.807	0.00	168.0737	-21.0111	1	292.429993	292.670013
2020-02-05 16:46:30.753	0.00	168.0650	-21.0109	1	292.440002	292.690002
2020-02-05 16:46:31.694	0.00	167.9443	-21.0057	1	292.429993	292.690002
2020-02-05 16:46:32.635	0.00	168.0523	-21.0099	1	292.420013	292.679993
2020-02-05 16:46:33.596	0.00	168.1043	-21.0096	1	292.429993	292.679993
2020-02-05 16:46:34.513	0.00	168.2125	-21.0082	1	292.420013	292.679993
2020-02-05 16:46:35.444	0.00	168.3446	-21.0124	1	292.420013	292.700012
2020-02-05 16:46:36.372	0.00	168.3794	-21.0065	1	292.440002	292.660004
2020-02-05 16:46:37.343	0.00	168.4994	-21.0058	1	292.420013	292.679993
2020-02-05 16:46:38.274	0.00	168.5040	-21.0054	1	292.420013	292.670013
2020-02-05 16:46:39.243	0.00	168.5067	-21.0055	1	292.420013	292.679993
2020-02-05 16:46:40.174	0.00	168.4587	-21.0069	1	292.420013	292.679993
2020-02-05 16:46:41.123	0.00	168.3576	-21.0052	1	292.429993	292.670013
2020-02-05 16:46:42.054	0.00	168.4880	-21.0041	1	292.420013	292.679993
2020-02-05 16:46:43.020	0.00	168.5411	-21.0037	1	292.429993	292.679993
2020-02-05 16:46:43.948	0.00	168.5834	-21.0038	1	292.410004	292.679993
2020-02-05 16:46:44.851	0.00	168.6582	-21.0041	1	292.429993	292.660004
2020-02-05 16:46:45.845	0.00	168.6650	-21.0025	1	292.420013	292.679993
2020-02-05 16:46:46.745	0.00	168.7816	-21.0012	1	292.429993	292.690002
2020-02-05 16:46:47.720	0.00	168.7613	-21.0054	1	292.410004	292.679993
2020-02-05 16:46:48.659	0.00	168.7255	-21.0075	1	292.420013	292.660004
2020-02-05 16:46:49.599	0.00	168.7230	-21.0058	1	292.420013	292.670013
2020-02-05 16:46:50.518	0.00	168.6801	-21.0094	1	292.420013	292.670013
2020-02-05 16:46:51.482	0.00	168.8210	-21.0085	1	292.429993	292.670013
2020-02-05 16:46:52.420	0.00	168.6907	-21.0092	1	292.440002	292.670013
2020-02-05 16:46:53.355	0.00	168.7255	-21.0050	1	292.429993	292.679993
2020-02-05 16:46:54.262	0.00	168.5966	-21.0030	1	292.420013	292.679993
2020-02-05 16:46:55.234	0.00	168.5346	-21.0093	1	292.429993	292.670013
2020-02-05 16:46:56.156	0.00	168.5355	-21.0049	1	292.420013	292.679993
2020-02-05 16:46:57.104	0.00	168.5017	-21.0063	1	292.420013	292.679993
2020-02-05 16:46:58.064	0.00	168.5803	-21.0050	1	292.420013	292.679993
2020-02-05 16:46:58.979	0.00	168.5204	-21.0077	1	292.420013	292.679993
2020-02-05 16:46:59.934	0.00	168.5961	-21.0045	1	292.429993	292.679993
2020-02-05 16:47:00.886	0.00	168.6111	-21.0068	1	292.429993	292.679993
2020-02-05 16:47:01.813	0.00	168.5865	-21.0048	1	292.429993	292.679993
2020-02-05 16:47:02.778	0.00	168.5983	-21.0020	1	292.429993	292.679993
2020-02-05 16:47:03.685	0.00	168.5660	-21.0078	1	292.420013	292.679993
2020-02-05 16:47:04.657	0.00	168.5224	-21.0105	1	292.420013	292.679993
2020-02-05 16:47:05.577	0.00	168.6309	-21.0130	1	292.420013	292.679993
2020-02-05 16:47:06.530	0.00	168.6111	-21.0131	1	292.420013	292.679993
2020-02-05 16:47:07.481	0.00	168.6332	-21.0047	1	292.429993	292.679993
2020-02-05 16:47:08.408	0.00	168.6290	-21.0035	1	292.429993	292.679993
2020-02-05 16:47:09.369	0.00	168.6009	-21.0015	1	292.429993	292.679993
2020-02-05 16:47:10.294	0.00	168.5929	-21.0057	1	292.410004	292.670013
2020-02-05 16:47:11.216	0.00	168.3970	-21.0041	1	292.420013	292.670013
2020-02-05 16:47:12.181	0.00	168.4990	-21.0050	1	292.420013	292.670013
2020-02-05 16:47:13.127	0.00	168.4255	-21.0073	1	292.420013	292.679993
2020-02-05 16:47:14.066	0.00	168.3510	-21.0034	1	292.410004	292.679993
2020-02-05 16:47:15.005	0.00	168.3469	-21.0048	1	292.420013	292.670013
2020-02-05 16:47:15.933	0.00	168.2730	-21.0046	1	292.420013	292.679993
2020-02-05 16:47:16.904	0.00	168.2730	-21.0174	1	292.429993	292.679993
2020-02-05 16:47:17.840	0.00	168.2623	-21.0054	1	292.410004	292.670013
2020-02-05 16:47:18.765	0.00	168.3072	-21.0052	1	292.420013	292.670013
2020-02-05 16:47:19.704	0.00	168.3232	-21.0128	1	292.420013	292.679993
2020-02-05 16:47:20.642	0.00	168.2745	-21.0171	1	292.420013	292.679993
2020-02-05 16:47:21.589	0.00	168.3291	-21.0167	1	292.410004	292.670013
2020-02-05 16:47:22.516	0.00	168.2846	-21.0129	1	292.410004	292.679993
2020-02-05 16:47:23.452	0.00	168.3252	-21.0112	1	292.410004	292.670013
2020-02-05 16:47:24.396	0.00	168.3541	-21.0129	1	292.429993	292.670013
2020-02-05 16:47:25.332	0.00	168.3853	-21.0169	1	292.410004	292.679993
2020-02-05 16:47:26.294	0.00	168.4663	-21.0123	1	292.420013	292.660004
2020-02-05 16:47:27.224	0.00	168.4013	-21.0167	1	292.429993	292.670013
2020-02-05 16:47:28.140	0.00	168.4781	-21.0143	1	292.410004	292.679993
2020-02-05 16:47:29.087	0.00	168.4757	-21.0101	1	292.390015	292.660004
2020-02-05 16:47:30.053	0.00	168.3453	-21.0158	1	292.410004	292.679993
2020-02-05 16:47:31.002	0.00	168.4601	-21.0145	1	292.399994	292.670013
2020-02-05 16:47:31.922	0.00	168.3938	-21.0164	1	292.410004	292.660004
2020-02-05 16:47:32.858	0.00	168.4751	-21.0129	1	292.410004	292.660004
2020-02-05 16:47:33.809	0.00	168.3945	-21.0108	1	292.420013	292.679993
2020-02-05 16:47:34.754	0.00	168.3268	-21.0133	1	292.420013	292.679993
2020-02-05 16:47:35.706	0.00	168.4261	-21.0175	1	292.410004	292.679993
2020-02-05 16:47:36.638	0.00	168.4307	-21.0158	1	292.390015	292.679993
2020-02-05 16:47:37.553	0.00	168.5034	-21.0098	1	292.399994	292.679993
2020-02-05 16:47:38.507	0.00	168.5036	-21.0178	1	292.410004	292.679993
2020-02-05 16:47:39.419	0.00	168.4759	-21.0180	1	292.390015	292.679993
2020-02-05 16:47:40.423	0.00	168.6273	-21.0141	1	292.399994	292.679993
2020-02-05 16:47:41.338	0.00	168.5939	-21.0130	1	292.410004	292.670013
2020-02-05 16:47:42.302	0.00	168.6386	-21.0167	1	292.399994	292.690002
2020-02-05 16:47:43.233	0.00	168.6661	-21.0184	1	292.410004	292.679993
2020-02-05 16:47:44.171	0.00	168.5904	-21.0159	1	292.410004	292.660004
2020-02-05 16:47:45.132	0.00	168.6729	-21.0150	1	292.399994	292.679993
2020-02-05 16:47:46.050	0.00	168.5888	-21.0126	1	292.399994	292.679993
2020-02-05 16:47:47.001	0.00	168.5845	-21.0062	1	292.390015	292.679993
2020-02-05 16:47:47.956	0.00	168.6556	-21.0099	1	292.399994	292.690002
2020-02-05 16:47:48.887	0.00	168.5307	-21.0098	1	292.399994	292.700012
2020-02-05 16:47:49.821	0.00	168.6159	-21.0110	1	292.399994	292.679993
2020-02-05 16:47:50.784	0.00	168.5763	-21.0086	1	292.410004	292.679993
2020-02-05 16:47:51.709	0.00	168.5606	-21.0077	1	292.399994	292.670013
2020-02-05 16:47:52.657	0.00	168.5550	-21.0088	1	292.410004	292.679993
2020-02-05 16:47:53.591	0.00	168.4456	-21.0112	1	292.399994	292.670013
2020-02-05 16:47:54.542	0.00	168.5003	-21.0098	1	292.410004	292.679993
2020-02-05 16:47:55.476	0.00	168.4385	-21.0143	1	292.420013	292.679993
2020-02-05 16:47:56.411	0.00	168.4373	-21.0145	1	292.410004	292.690002
2020-02-05 16:47:57.359	0.00	168.5160	-21.0135	1	292.410004	292.690002
2020-02-05 16:47:58.300	0.00	168.5180	-21.0129	1	292.410004	292.670013
2020-02-05 16:47:59.247	0.00	168.5857	-21.0184	1	292.399994	292.679993
2020-02-05 16:48:00.183	0.00	168.5997	-21.0194	1	292.399994	292.679993
2020-02-05 16:48:01.146	0.00	168.6147	-21.0322	1	292.399994	292.670013
2020-02-05 16:48:02.076	0.00	168.6643	-21.0214	1	292.420013	292.670013
2020-02-05 16:48:03.001	0.00	168.6068	-21.0155	1	292.390015	292.670013
2020-02-05 16:48:03.961	0.00	168.6454	-21.0285	1	292.410004	292.679993
2020-02-05 16:48:04.898	0.00	168.6775	-21.0301	1	292.399994	292.679993
2020-02-05 16:48:05.860	0.00	168.6995	-21.0256	1	292.420013	292.670013
2020-02-05 16:48:06.780	0.00	168.7631	-21.0170	1	292.410004	292.679993
2020-02-05 16:48:07.723	0.00	168.6943	-21.0135	1	292.410004	292.670013
2020-02-05 16:48:08.659	0.00	168.7709	-21.0159	1	292.399994	292.679993
2020-02-05 16:48:09.598	0.00	168.7131	-21.0253	1	292.390015	292.670013
2020-02-05 16:48:10.555	0.00	168.7583	-21.0169	1	292.429993	292.670013
2020-02-05 16:48:11.513	0.00	168.9124	-21.0178	1	292.390015	292.670013
2020-02-05 16:48:12.419	0.00	168.8831	-21.0150	1	292.410004	292.660004
2020-02-05 16:48:13.369	0.00	168.9757	-21.0151	1	292.410004	292.690002
2020-02-05 16:48:14.315	0.00	168.9486	-21.0056	1	292.410004	292.670013
2020-02-05 16:48:15.276	0.00	168.9344	-21.0076	1	292.399994	292.670013
2020-02-05 16:48:16.181	0.00	168.9703	-21.0064	1	292.399994	292.679993
2020-02-05 16:48:17.125	0.00	168.8388	-21.0070	1	292.399994	292.679993
2020-02-05 16:48:18.075	0.00	168.8993	-21.0052	1	292.399994	292.670013
2020-02-05 16:48:19.015	0.00	168.8600	-21.0171	1	292.399994	292.670013
2020-02-05 16:48:19.980	0.00	168.8859	-21.0224	1	292.390015	292.679993
2020-02-05 16:48:20.904	0.00	168.9664	-21.0215	1	292.410004	292.679993
2020-02-05 16:48:21.858	0.00	168.8723	-21.0167	1	292.399994	292.670013
2020-02-05 16:48:22.793	0.00	168.9158	-21.0180	1	292.390015	292.679993
2020-02-05 16:48:23.750	0.00	168.9522	-21.0164	1	292.399994	292.679993
2020-02-05 16:48:24.688	0.00	168.8637	-21.0069	1	292.390015	292.679993
2020-02-05 16:48:25.623	0.00	168.9715	-21.0158	1	292.380005	292.679993
2020-02-05 16:48:26.604	0.00	168.9679	-21.0101	1	292.410004	292.679993
2020-02-05 16:48:27.513	0.00	169.0048	-21.0122	1	292.410004	292.679993
2020-02-05 16:48:28.465	0.00	169.0925	-21.0131	1	292.390015	292.690002
2020-02-05 16:48:29.399	0.00	169.0421	-21.0261	1	292.399994	292.679993
2020-02-05 16:48:30.340	0.00	169.0967	-21.0223	1	292.410004	292.679993
2020-02-05 16:48:31.309	0.00	169.0473	-21.0164	1	292.399994	292.679993
2020-02-05 16:48:32.215	0.00	169.0390	-21.0166	1	292.399994	292.690002
2020-02-05 16:48:33.166	0.00	169.0761	-21.0129	1	292.399994	292.679993
2020-02-05 16:48:34.123	0.00	169.0074	-21.0058	1	292.399994	292.670013
2020-02-05 16:48:35.075	0.00	169.0198	-21.0110	1	292.399994	292.670013
2020-02-05 16:48:36.008	0.00	169.0207	-21.0145	1	292.410004	292.670013
2020-02-05 16:48:36.925	0.00	169.0527	-21.0197	1	292.399994	292.670013
2020-02-05 16:48:37.888	0.00	169.0662	-21.0140	1	292.410004	292.679993
2020-02-05 16:48:38.829	0.00	168.9585	-21.0108	1	292.410004	292.679993
2020-02-05 16:48:39.756	0.00	168.9130	-21.0130	1	292.390015	292.679993
2020-02-05 16:48:40.707	0.00	168.8064	-21.0157	1	292.390015	292.679993
2020-02-05 16:48:41.643	0.00	168.7343	-21.0136	1	292.380005	292.679993
2020-02-05 16:48:42.628	0.00	168.8234	-21.0176	1	292.399994	292.670013
2020-02-05 16:48:43.537	0.00	168.7303	-21.0159	1	292.399994	292.690002
2020-02-05 16:48:44.473	0.00	168.7722	-21.0176	1	292.399994	292.679993
2020-02-05 16:48:45.418	0.00	168.7082	-21.0161	1	292.399994	292.679993
2020-02-05 16:48:46.352	0.00	168.8333	-21.0235	1	292.390015	292.690002
2020-02-05 16:48:47.270	0.00	168.8932	-21.0216	1	292.390015	292.690002
2020-02-05 16:48:48.181	0.00	169.0077	-21.0123	1	292.399994	292.690002
2020-02-05 16:48:49.133	0.00	168.9928	-21.0166	1	292.399994	292.679993
2020-02-05 16:48:50.075	0.00	168.9728	-21.0181	1	292.390015	292.679993
2020-02-05 16:48:50.998	0.00	168.9986	-21.0151	1	292.399994	292.679993
2020-02-05 16:48:51.950	0.00	168.9501	-21.0135	1	292.390015	292.679993
2020-02-05 16:48:52.879	0.00	168.9291	-21.0200	1	292.390015	292.690002
2020-02-05 16:48:53.813	0.00	168.9522	-21.0135	1	292.380005	292.670013
2020-02-05 16:48:54.752	0.00	169.0402	-21.0066	1	292.390015	292.679993
2020-02-05 16:48:55.692	0.00	169.0239	-21.0045	1	292.399994	292.670013
2020-02-05 16:48:56.642	0.00	168.9578	-21.0070	1	292.390015	292.670013
2020-02-05 16:48:57.567	0.00	169.0247	-21.0101	1	292.410004	292.679993
2020-02-05 16:48:58.525	0.00	169.0377	-21.0130	1	292.390015	292.670013
2020-02-05 16:48:59.453	0.00	169.1496	-21.0140	1	292.399994	292.670013
2020-02-05 16:49:00.401	0.00	169.0247	-21.0146	1	292.390015	292.679993
2020-02-05 16:49:01.342	0.00	168.9829	-21.0186	1	292.390015	292.670013
2020-02-05 16:49:02.291	0.00	168.9744	-21.0211	1	292.380005	292.679993
2020-02-05 16:49:03.235	0.00	168.8425	-21.0181	1	292.399994	292.670013
2020-02-05 16:49:04.157	0.00	168.8215	-21.0163	1	292.390015	292.660004
2020-02-05 16:49:05.097	0.00	168.6815	-21.0154	1	292.390015	292.670013
2020-02-05 16:49:06.036	0.00	168.6514	-21.0122	1	292.390015	292.679993
2020-02-05 16:49:06.992	0.00	168.6044	-21.0114	1	292.390015	292.660004
2020-02-05 16:49:07.938	0.00	168.5247	-21.0138	1	292.390015	292.679993
2020-02-05 16:49:08.868	0.00	168.6110	-21.0170	1	292.390015	292.660004
2020-02-05 16:49:09.811	0.00	168.5966	-21.0095	1	292.380005	292.679993
2020-02-05 16:49:10.752	0.00	168.6947	-21.0086	1	292.399994	292.679993
2020-02-05 16:49:11.692	0.00	168.7500	-21.0136	1	292.380005	292.690002
2020-02-05 16:49:12.652	0.00	168.7443	-21.0109	1	292.390015	292.670013
2020-02-05 16:49:13.604	0.00	168.8101	-21.0150	1	292.390015	292.670013
2020-02-05 16:49:14.492	0.00	168.7108	-21.0094	1	292.390015	292.679993
2020-02-05 16:49:15.463	0.00	168.6014	-21.0163	1	292.380005	292.679993
2020-02-05 16:49:16.403	0.00	168.5374	-21.0193	1	292.399994	292.679993
2020-02-05 16:49:17.361	0.00	168.4270	-21.0238	1	292.380005	292.660004
2020-02-05 16:49:18.278	0.00	168.4321	-21.0245	1	292.380005	292.660004
2020-02-05 16:49:19.217	0.00	168.3346	-21.0231	1	292.399994	292.679993
2020-02-05 16:49:20.184	0.00	168.3832	-21.0290	1	292.410004	292.679993
2020-02-05 16:49:21.087	0.00	168.3128	-21.0180	1	292.380005	292.660004
2020-02-05 16:49:22.044	0.00	168.2558	-21.0248	1	292.390015	292.670013
2020-02-05 16:49:22.985	0.00	168.3463	-21.0171	1	292.380005	292.670013
2020-02-05 16:49:23.916	0.00	168.2382	-21.0263	1	292.390015	292.670013
2020-02-05 16:49:24.854	0.00	168.2702	-21.0279	1	292.390015	292.660004
2020-02-05 16:49:25.790	0.00	168.2041	-21.0281	1	292.390015	292.679993
2020-02-05 16:49:26.724	0.00	168.2487	-21.0207	1	292.399994	292.679993
2020-02-05 16:49:27.688	0.00	168.3046	-21.0116	1	292.399994	292.679993
2020-02-05 16:49:28.623	0.00	168.3396	-21.0160	1	292.390015	292.679993
2020-02-05 16:49:29.575	0.00	168.4448	-21.0157	1	292.390015	292.670013
2020-02-05 16:49:30.497	0.00	168.4308	-21.0157	1	292.390015	292.679993
2020-02-05 16:49:31.432	0.00	168.5003	-21.0177	1	292.390015	292.679993
2020-02-05 16:49:32.385	0.00	168.5212	-21.0168	1	292.380005	292.679993
2020-02-05 16:49:33.330	0.00	168.3875	-21.0182	1	292.390015	292.660004
2020-02-05 16:49:34.279	0.00	168.4651	-21.0259	1	292.390015	292.670013
2020-02-05 16:49:35.205	0.00	168.3868	-21.0260	1	292.390015	292.679993
2020-02-05 16:49:36.152	0.00	168.3599	-21.0213	1	292.390015	292.679993
2020-02-05 16:49:37.090	0.00	168.2939	-21.0231	1	292.390015	292.670013
2020-02-05 16:49:38.009	0.00	168.2434	-21.0238	1	292.380005	292.670013
2020-02-05 16:49:38.968	0.00	168.3863	-21.0271	1	292.380005	292.679993
2020-02-05 16:49:39.913	0.00	168.3785	-21.0210	1	292.390015	292.679993
2020-02-05 16:49:40.821	0.00	168.5585	-21.0257	1	292.390015	292.670013
2020-02-05 16:49:41.799	0.00	168.5588	-21.0279	1	292.410004	292.670013
2020-02-05 16:49:42.749	0.00	168.4606	-21.0286	1	292.380005	292.670013
2020-02-05 16:49:43.706	0.00	168.4561	-21.0374	1	292.399994	292.690002
2020-02-05 16:49:44.612	0.00	168.3794	-21.0227	1	292.390015	292.679993
2020-02-05 16:49:45.583	0.00	168.4652	-21.0235	1	292.380005	292.679993
2020-02-05 16:49:46.482	0.00	168.4821	-21.0222	1	292.390015	292.670013
2020-02-05 16:49:47.450	0.00	168.4365	-21.0232	1	292.380005	292.660004
2020-02-05 16:49:48.433	0.00	168.5617	-21.0163	1	292.399994	292.679993
2020-02-05 16:49:49.348	0.00	168.5721	-21.0130	1	292.390015	292.670013
2020-02-05 16:49:50.293	0.00	168.6177	-21.0149	1	292.390015	292.670013
2020-02-05 16:49:51.234	0.00	168.7159	-21.0190	1	292.399994	292.690002
2020-02-05 16:49:52.165	0.00	168.5602	-21.0199	1	292.390015	292.660004
2020-02-05 16:49:53.111	0.00	168.6036	-21.0177	1	292.399994	292.660004
2020-02-05 16:49:54.060	0.00	168.5659	-21.0183	1	292.390015	292.670013
2020-02-05 16:49:54.991	0.00	168.5163	-21.0155	1	292.390015	292.670013
2020-02-05 16:49:55.933	0.00	168.4392	-21.0124	1	292.390015	292.670013
2020-02-05 16:49:56.854	0.00	168.4080	-21.0113	1	292.380005	292.679993
2020-02-05 16:49:57.800	0.00	168.3970	-21.0122	1	292.390015	292.660004
2020-02-05 16:49:58.731	0.00	168.2639	-21.0212	1	292.399994	292.679993
2020-02-05 16:49:59.668	0.00	168.2744	-21.0206	1	292.380005	292.670013
2020-02-05 16:50:00.633	0.00	168.1367	-21.0185	1	292.390015	292.670013
2020-02-05 16:50:01.551	0.00	168.1527	-21.0161	1	292.380005	292.670013
2020-02-05 16:50:02.504	0.00	168.2645	-21.0184	1	292.390015	292.679993
2020-02-05 16:50:03.464	0.00	168.2581	-21.0213	1	292.399994	292.679993
2020-02-05 16:50:04.392	0.00	168.3905	-21.0187	1	292.380005	292.670013
2020-02-05 16:50:05.344	0.00	168.3461	-21.0154	1	292.380005	292.660004
2020-02-05 16:50:06.272	0.00	168.4051	-21.0157	1	292.390015	292.670013
2020-02-05 16:50:07.240	0.00	168.5282	-21.0186	1	292.390015	292.670013
2020-02-05 16:50:08.160	0.00	168.4977	-21.0169	1	292.380005	292.670013
2020-02-05 16:50:09.086	0.00	168.5297	-21.0168	1	292.380005	292.660004
2020-02-05 16:50:10.037	0.00	168.4646	-21.0231	1	292.369995	292.679993
2020-02-05 16:50:10.959	0.00	168.3422	-21.0226	1	292.390015	292.660004
2020-02-05 16:50:11.955	0.00	168.3213	-21.0255	1	292.390015	292.660004
2020-02-05 16:50:12.861	0.00	168.1946	-21.0188	1	292.390015	292.670013
2020-02-05 16:50:13.796	0.00	168.2069	-21.0234	1	292.390015	292.670013
2020-02-05 16:50:14.760	0.00	168.1275	-21.0219	1	292.399994	292.660004
2020-02-05 16:50:15.701	0.00	168.1521	-21.0186	1	292.399994	292.660004
2020-02-05 16:50:16.624	0.00	168.2744	-21.0181	1	292.380005	292.660004
2020-02-05 16:50:17.565	0.00	168.2827	-21.0287	1	292.380005	292.660004
2020-02-05 16:50:18.517	0.00	168.3897	-21.0270	1	292.390015	292.660004
2020-02-05 16:50:19.452	0.00	168.3437	-21.0162	1	292.399994	292.670013
2020-02-05 16:50:20.382	0.00	168.4737	-21.0116	1	292.390015	292.670013
2020-02-05 16:50:21.357	0.00	168.5706	-21.0168	1	292.399994	292.679993
2020-02-05 16:50:22.276	0.00	168.5695	-21.0158	1	292.399994	292.679993
2020-02-05 16:50:23.222	0.00	168.6037	-21.0188	1	292.380005	292.670013
2020-02-05 16:50:24.168	0.00	168.4870	-21.0311	1	292.380005	292.649994
2020-02-05 16:50:25.112	0.00	168.4495	-21.0231	1	292.380005	292.670013
2020-02-05 16:50:26.056	0.00	168.4791	-21.0245	1	292.380005	292.670013
2020-02-05 16:50:26.981	0.00	168.4401	-21.0208	1	292.390015	292.660004
2020-02-05 16:50:27.913	0.00	168.5610	-21.0246	1	292.380005	292.649994
2020-02-05 16:50:28.867	0.00	168.5484	-21.0329	1	292.390015	292.670013
2020-02-05 16:50:29.801	0.00	168.5712	-21.0310	1	292.399994	292.670013
2020-02-05 16:50:30.766	0.00	168.6262	-21.0320	1	292.390015	292.670013
2020-02-05 16:50:31.714	0.00	168.5693	-21.0269	1	292.390015	292.670013
2020-02-05 16:50:32.625	0.00	168.7302	-21.0258	1	292.399994	292.670013
2020-02-05 16:50:33.570	0.00	168.7122	-21.0309	1	292.390015	292.679993
2020-02-05 16:50:34.482	0.00	168.7593	-21.0257	1	292.380005	292.660004
2020-02-05 16:50:35.483	0.00	168.8447	-21.0187	1	292.390015	292.679993
2020-02-05 16:50:36.403	0.00	168.8176	-21.0275	1	292.380005	292.670013
2020-02-05 16:50:37.304	0.00	168.9466	-21.0168	1	292.390015	292.679993
2020-02-05 16:50:38.284	0.00	168.9156	-21.0177	1	292.380005	292.679993
2020-02-05 16:50:39.218	0.00	168.9987	-21.0235	1	292.380005	292.670013
2020-02-05 16:50:40.175	0.00	169.0184	-21.0201	1	292.410004	292.670013
2020-02-05 16:50:41.097	0.00	168.9505	-21.0230	1	292.380005	292.660004
2020-02-05 16:50:42.036	0.00	168.9992	-21.0199	1	292.399994	292.660004
2020-02-05 16:50:43.003	0.00	168.9621	-21.0176	1	292.390015	292.660004
2020-02-05 16:50:43.929	0.00	168.9536	-21.0211	1	292.399994	292.670013
2020-02-05 16:50:44.879	0.00	168.9067	-21.0275	1	292.390015	292.670013
2020-02-05 16:50:45.832	0.00	168.8465	-21.0361	1	292.390015	292.660004
2020-02-05 16:50:46.759	0.00	168.8584	-21.0403	1	292.390015	292.670013
2020-02-05 16:50:47.694	0.00	168.7442	-21.0535	1	292.380005	292.679993
2020-02-05 16:50:48.646	0.00	168.8002	-21.0301	1	292.380005	292.660004
2020-02-05 16:50:49.603	0.00	168.8458	-21.0202	1	292.390015	292.660004
2020-02-05 16:50:50.523	0.00	168.9689	-21.0156	1	292.399994	292.660004
2020-02-05 16:50:51.454	0.00	169.0790	-21.0152	1	292.390015	292.660004
2020-02-05 16:50:52.391	0.00	169.0874	-21.0191	1	292.399994	292.660004
2020-02-05 16:50:53.334	0.00	169.2829	-21.0214	1	292.390015	292.660004
2020-02-05 16:50:54.254	0.00	169.2711	-21.0170	1	292.380005	292.670013
2020-02-05 16:50:55.195	0.00	169.4141	-21.0187	1	292.390015	292.660004
2020-02-05 16:50:56.150	0.00	169.3487	-21.0196	1	292.390015	292.660004
2020-02-05 16:50:57.065	0.00	169.4861	-21.0170	1	292.380005	292.649994
2020-02-05 16:50:58.009	0.00	169.4624	-21.0186	1	292.410004	292.670013
2020-02-05 16:50:58.941	0.00	169.5284	-21.0113	1	292.399994	292.660004
2020-02-05 16:50:59.878	0.00	169.5378	-21.0120	1	292.390015	292.679993
2020-02-05 16:51:00.839	0.00	169.4209	-21.0129	1	292.390015	292.679993
2020-02-05 16:51:01.767	0.00	169.3880	-21.0159	1	292.410004	292.660004
2020-02-05 16:51:02.697	0.00	169.3280	-21.0152	1	292.399994	292.660004
2020-02-05 16:51:03.667	0.00	169.3242	-21.0092	1	292.390015	292.649994
2020-02-05 16:51:04.576	0.00	169.3468	-21.0082	1	292.380005	292.660004
2020-02-05 16:51:05.534	0.00	169.2925	-21.0088	1	292.390015	292.660004
2020-02-05 16:51:06.466	0.00	169.4611	-21.0109	1	292.399994	292.660004
2020-02-05 16:51:07.395	0.00	169.4220	-21.0151	1	292.399994	292.670013
2020-02-05 16:51:08.348	0.00	169.5692	-21.0078	1	292.390015	292.670013
2020-02-05 16:51:09.265	0.00	169.4427	-21.0159	1	292.390015	292.670013
2020-02-05 16:51:10.206	0.00	169.4698	-21.0113	1	292.410004	292.660004
2020-02-05 16:51:11.156	0.00	169.3937	-21.0064	1	292.410004	292.679993
2020-02-05 16:51:12.094	0.00	169.3105	-21.0090	1	292.380005	292.660004
2020-02-05 16:51:13.032	0.00	169.3392	-21.0161	1	292.399994	292.660004
2020-02-05 16:51:13.964	0.00	169.2453	-21.0147	1	292.399994	292.660004
2020-02-05 16:51:14.908	0.00	169.3203	-21.0100	1	292.390015	292.660004
2020-02-05 16:51:15.846	0.00	169.3506	-21.0130	1	292.410004	292.670013
2020-02-05 16:51:16.789	0.00	169.3639	-21.0107	1	292.399994	292.670013
2020-02-05 16:51:17.711	0.00	169.3595	-21.0130	1	292.399994	292.660004
2020-02-05 16:51:18.671	0.00	169.2483	-21.0125	1	292.399994	292.670013
2020-02-05 16:51:19.605	0.00	169.2647	-21.0093	1	292.399994	292.670013
2020-02-05 16:51:20.586	0.00	169.2046	-21.0129	1	292.399994	292.679993
2020-02-05 16:51:21.492	0.00	169.2362	-21.0153	1	292.390015	292.670013
2020-02-05 16:51:22.427	0.00	169.2959	-21.0208	1	292.390015	292.670013
2020-02-05 16:51:23.379	0.00	169.1772	-21.0121	1	292.399994	292.670013
2020-02-05 16:51:24.323	0.00	169.2257	-21.0207	1	292.420013	292.660004
2020-02-05 16:51:25.280	0.00	169.1192	-21.0136	1	292.399994	292.660004
2020-02-05 16:51:26.192	0.00	169.0154	-21.0129	1	292.399994	292.649994
2020-02-05 16:51:27.142	0.00	169.0842	-21.0108	1	292.410004	292.660004
2020-02-05 16:51:28.087	0.00	168.9163	-21.0155	1	292.390015	292.660004
2020-02-05 16:51:29.038	0.00	168.9404	-21.0173	1	292.420013	292.660004
2020-02-05 16:51:29.983	0.00	168.9181	-21.0169	1	292.410004	292.649994
2020-02-05 16:51:30.905	0.00	168.9348	-21.0179	1	292.410004	292.670013
2020-02-05 16:51:31.837	0.00	169.0060	-21.0165	1	292.410004	292.679993
2020-02-05 16:51:32.789	0.00	168.9525	-21.0154	1	292.399994	292.660004
2020-02-05 16:51:33.718	0.00	168.9527	-21.0186	1	292.410004	292.660004
2020-02-05 16:51:34.691	0.00	168.8395	-21.0281	1	292.410004	292.679993
2020-02-05 16:51:35.614	0.00	168.8590	-21.0244	1	292.399994	292.660004
2020-02-05 16:51:36.570	0.00	168.9617	-21.0261	1	292.399994	292.660004
2020-02-05 16:51:37.520	0.00	168.9513	-21.0136	1	292.410004	292.660004
2020-02-05 16:51:38.414	0.00	169.0078	-21.0185	1	292.410004	292.660004
2020-02-05 16:51:39.405	0.00	169.0289	-21.0249	1	292.420013	292.660004
2020-02-05 16:51:40.341	0.00	169.0329	-21.0190	1	292.420013	292.660004
2020-02-05 16:51:41.278	0.00	169.0668	-21.0325	1	292.420013	292.660004
2020-02-05 16:51:42.229	0.00	169.0595	-21.0300	1	292.410004	292.660004
2020-02-05 16:51:43.158	0.00	169.1248	-21.0204	1	292.410004	292.670013
2020-02-05 16:51:44.122	0.00	169.1353	-21.0264	1	292.410004	292.679993
2020-02-05 16:51:45.054	0.00	169.0835	-21.0189	1	292.410004	292.660004
2020-02-05 16:51:46.002	0.00	169.1938	-21.0224	1	292.410004	292.670013
2020-02-05 16:51:46.929	0.00	169.1583	-21.0202	1	292.399994	292.660004
2020-02-05 16:51:47.862	0.00	169.2065	-21.0336	1	292.420013	292.679993
2020-02-05 16:51:48.838	0.00	169.2303	-21.0220	1	292.420013	292.649994
2020-02-05 16:51:49.719	0.00	169.2081	-21.0230	1	292.410004	292.670013
2020-02-05 16:51:50.726	0.00	169.2771	-21.0310	1	292.410004	292.660004
2020-02-05 16:51:51.634	0.00	169.1578	-21.0358	1	292.410004	292.660004
2020-02-05 16:51:52.575	0.00	169.2292	-21.0212	1	292.410004	292.660004
2020-02-05 16:51:53.499	0.00	169.1970	-21.0217	1	292.410004	292.670013
2020-02-05 16:51:54.462	0.00	169.1413	-21.0189	1	292.410004	292.660004
2020-02-05 16:51:55.429	0.00	169.2229	-21.0133	1	292.420013	292.660004
2020-02-05 16:51:56.345	0.00	169.1922	-21.0156	1	292.410004	292.660004
2020-02-05 16:51:57.310	0.00	169.2216	-21.0204	1	292.420013	292.660004
2020-02-05 16:51:58.226	0.00	169.2104	-21.0131	1	292.420013	292.660004
2020-02-05 16:51:59.185	0.00	169.2152	-21.0130	1	292.420013	292.660004
2020-02-05 16:52:00.133	0.00	169.3652	-21.0204	1	292.410004	292.649994
2020-02-05 16:52:01.057	0.00	169.3405	-21.0161	1	292.429993	292.670013
2020-02-05 16:52:01.973	0.00	169.3707	-21.0160	1	292.420013	292.670013
2020-02-05 16:52:02.936	0.00	169.2407	-21.0130	1	292.420013	292.649994
2020-02-05 16:52:03.855	0.00	169.1546	-21.0180	1	292.410004	292.660004
2020-02-05 16:52:04.835	0.00	169.1891	-21.0303	1	292.410004	292.660004
2020-02-05 16:52:05.778	0.00	169.0461	-21.0302	1	292.410004	292.660004
2020-02-05 16:52:06.714	0.00	169.0367	-21.0322	1	292.429993	292.660004
2020-02-05 16:52:07.635	0.00	169.0180	-21.0251	1	292.420013	292.660004
2020-02-05 16:52:08.586	0.00	168.9541	-21.0126	1	292.420013	292.660004
2020-02-05 16:52:09.558	0.00	169.0471	-21.0139	1	292.420013	292.660004
2020-02-05 16:52:10.468	0.00	168.9244	-21.0143	1	292.420013	292.660004
2020-02-05 16:52:11.425	0.00	169.0248	-21.0133	1	292.410004	292.660004
2020-02-05 16:52:12.360	0.00	169.0642	-21.0114	1	292.420013	292.660004
2020-02-05 16:52:13.311	0.00	169.0747	-21.0213	1	292.410004	292.660004
2020-02-05 16:52:14.247	0.00	169.1500	-21.0225	1	292.420013	292.660004
2020-02-05 16:52:15.175	0.00	169.0941	-21.0186	1	292.420013	292.660004
2020-02-05 16:52:16.096	0.00	169.2374	-21.0140	1	292.410004	292.670013
2020-02-05 16:52:17.042	0.00	169.1890	-21.0212	1	292.420013	292.679993
2020-02-05 16:52:17.974	0.00	169.2628	-21.0150	1	292.410004	292.660004
2020-02-05 16:52:18.908	0.00	169.2770	-21.0140	1	292.420013	292.660004
2020-02-05 16:52:19.861	0.00	169.2176	-21.0103	1	292.420013	292.660004
2020-02-05 16:52:20.777	0.00	169.2618	-21.0086	1	292.420013	292.660004
2020-02-05 16:52:21.756	0.00	169.1879	-21.0113	1	292.410004	292.679993
2020-02-05 16:52:22.679	0.00	169.2730	-21.0117	1	292.420013	292.660004
2020-02-05 16:52:23.619	0.00	169.2563	-21.0186	1	292.410004	292.660004
2020-02-05 16:52:24.550	0.00	169.3276	-21.0116	1	292.410004	292.660004
2020-02-05 16:52:25.518	0.00	169.3639	-21.0224	1	292.420013	292.670013
2020-02-05 16:52:26.450	0.00	169.3026	-21.0205	1	292.410004	292.660004
2020-02-05 16:52:27.387	0.00	169.3559	-21.0252	1	292.410004	292.660004
2020-02-05 16:52:28.322	0.00	169.2670	-21.0304	1	292.420013	292.670013
2020-02-05 16:52:29.277	0.00	169.2713	-21.0198	1	292.420013	292.660004
2020-02-05 16:52:30.209	0.00	169.2436	-21.0206	1	292.420013	292.670013
2020-02-05 16:52:31.143	0.00	169.2546	-21.0223	1	292.410004	292.649994
2020-02-05 16:52:32.072	0.00	169.3582	-21.0251	1	292.429993	292.660004
2020-02-05 16:52:33.005	0.00	169.2467	-21.0273	1	292.410004	292.660004
2020-02-05 16:52:33.987	0.00	169.3005	-21.0247	1	292.420013	292.670013
2020-02-05 16:52:34.920	0.00	169.2386	-21.0381	1	292.410004	292.660004
2020-02-05 16:52:35.866	0.00	169.1403	-21.0350	1	292.420013	292.670013
2020-02-05 16:52:36.794	0.00	169.1609	-21.0257	1	292.410004	292.660004
2020-02-05 16:52:37.734	0.00	169.0427	-21.0274	1	292.410004	292.660004
2020-02-05 16:52:38.694	0.00	169.0699	-21.0295	1	292.420013	292.679993
2020-02-05 16:52:39.623	0.00	169.1032	-21.0406	1	292.410004	292.670013
2020-02-05 16:52:40.584	0.00	169.0421	-21.0454	1	292.420013	292.660004
2020-02-05 16:52:41.509	0.00	169.1938	-21.0447	1	292.410004	292.679993
2020-02-05 16:52:42.450	0.00	169.1222	-21.0360	1	292.420013	292.670013
2020-02-05 16:52:43.395	0.00	169.1709	-21.0250	1	292.410004	292.660004
2020-02-05 16:52:44.342	0.00	169.0638	-21.0365	1	292.410004	292.660004
2020-02-05 16:52:45.272	0.00	168.9527	-21.0435	1	292.420013	292.660004
2020-02-05 16:52:46.203	0.00	168.9520	-21.0419	1	292.399994	292.660004
2020-02-05 16:52:47.112	0.00	168.8992	-21.0501	1	292.420013	292.660004
2020-02-05 16:52:48.107	0.00	168.9700	-21.0690	1	292.410004	292.660004
2020-02-05 16:52:49.019	0.00	168.9363	-21.0549	1	292.420013	292.660004
2020-02-05 16:52:49.952	0.00	168.9519	-21.0521	1	292.429993	292.660004
2020-02-05 16:52:50.911	0.00	168.8948	-21.0578	1	292.429993	292.660004
2020-02-05 16:52:51.801	0.00	168.8517	-21.0659	1	292.420013	292.670013
2020-02-05 16:52:52.766	0.00	168.9116	-21.0446	1	292.420013	292.670013
2020-02-05 16:52:53.715	0.00	168.8673	-21.0447	1	292.420013	292.660004
2020-02-05 16:52:54.666	0.00	169.0210	-21.0419	1	292.420013	292.660004
2020-02-05 16:52:55.594	0.00	169.0186	-21.0500	1	292.420013	292.660004
2020-02-05 16:52:56.533	0.00	169.0981	-21.0461	1	292.420013	292.660004
2020-02-05 16:52:57.464	0.00	169.0946	-21.0487	1	292.420013	292.660004
2020-02-05 16:52:58.409	0.00	168.9971	-21.0490	1	292.420013	292.660004
2020-02-05 16:52:59.363	0.00	169.0261	-21.0486	1	292.410004	292.660004
2020-02-05 16:53:00.273	0.00	168.9518	-21.0394	1	292.420013	292.649994
2020-02-05 16:53:01.225	0.00	169.0547	-21.0525	1	292.420013	292.660004
2020-02-05 16:53:02.172	0.00	169.0412	-21.0418	1	292.410004	292.660004
2020-02-05 16:53:03.122	0.00	169.0311	-21.0485	1	292.410004	292.670013
2020-02-05 16:53:04.050	0.00	169.0328	-21.0355	1	292.410004	292.660004
2020-02-05 16:53:04.999	0.00	168.9936	-21.0149	1	292.420013	292.670013
2020-02-05 16:53:05.951	0.00	169.1127	-21.0184	1	292.399994	292.649994
2020-02-05 16:53:06.882	0.00	169.1552	-21.0374	1	292.410004	292.660004
2020-02-05 16:53:07.809	0.00	169.2261	-21.0377	1	292.410004	292.660004
2020-02-05 16:53:08.750	0.00	169.2899	-21.0320	1	292.420013	292.660004
2020-02-05 16:53:09.723	0.00	169.2529	-21.0271	1	292.420013	292.660004
2020-02-05 16:53:10.679	0.00	169.2472	-21.0187	1	292.410004	292.660004
2020-02-05 16:53:11.584	0.00	169.2374	-21.0193	1	292.410004	292.660004
2020-02-05 16:53:12.535	0.00	169.2227	-21.0175	1	292.429993	292.660004
2020-02-05 16:53:13.475	0.00	169.2985	-21.0159	1	292.410004	292.660004
2020-02-05 16:53:14.418	0.00	169.2836	-21.0197	1	292.410004	292.649994
2020-02-05 16:53:15.348	0.00	169.4185	-21.0136	1	292.410004	292.649994
2020-02-05 16:53:16.286	0.00	169.3861	-21.0147	1	292.420013	292.660004
2020-02-05 16:53:17.229	0.00	169.4186	-21.0152	1	292.429993	292.660004
2020-02-05 16:53:18.167	0.00	169.2867	-21.0265	1	292.429993	292.670013
2020-02-05 16:53:19.102	0.00	169.2703	-21.0209	1	292.420013	292.649994
2020-02-05 16:53:20.022	0.00	169.2715	-21.0248	1	292.429993	292.670013
2020-02-05 16:53:20.961	0.00	169.1940	-21.0275	1	292.440002	292.660004
2020-02-05 16:53:21.894	0.00	169.1859	-21.0256	1	292.440002	292.660004
2020-02-05 16:53:22.847	0.00	169.0515	-21.0262	1	292.429993	292.660004
2020-02-05 16:53:23.772	0.00	169.0787	-21.0362	1	292.420013	292.660004
2020-02-05 16:53:24.722	0.00	168.8946	-21.0381	1	292.420013	292.660004
2020-02-05 16:53:25.662	0.00	168.8768	-21.0276	1	292.420013	292.660004
2020-02-05 16:53:26.596	0.00	168.8180	-21.0279	1	292.429993	292.660004
2020-02-05 16:53:27.530	0.00	168.7446	-21.0217	1	292.420013	292.660004
2020-02-05 16:53:28.459	0.00	168.7690	-21.0263	1	292.420013	292.660004
2020-02-05 16:53:29.403	0.00	168.7602	-21.0217	1	292.420013	292.660004
2020-02-05 16:53:30.339	0.00	168.8861	-21.0191	1	292.429993	292.660004
2020-02-05 16:53:31.267	0.00	168.8568	-21.0151	1	292.429993	292.660004
2020-02-05 16:53:32.229	0.00	169.0026	-21.0203	1	292.429993	292.649994
2020-02-05 16:53:33.154	0.00	169.0863	-21.0223	1	292.440002	292.649994
2020-02-05 16:53:34.093	0.00	169.1051	-21.0251	1	292.410004	292.649994
2020-02-05 16:53:35.028	0.00	169.1930	-21.0196	1	292.420013	292.660004
2020-02-05 16:53:35.945	0.00	169.1581	-21.0208	1	292.440002	292.670013
2020-02-05 16:53:36.898	0.00	169.2101	-21.0248	1	292.420013	292.660004
2020-02-05 16:53:37.830	0.00	169.0762	-21.0344	1	292.420013	292.660004
2020-02-05 16:53:38.793	0.00	169.1813	-21.0292	1	292.440002	292.660004
2020-02-05 16:53:39.713	0.00	169.1854	-21.0211	1	292.420013	292.660004
2020-02-05 16:53:40.660	0.00	169.2373	-21.0298	1	292.429993	292.649994
2020-02-05 16:53:41.588	0.00	169.2167	-21.0322	1	292.420013	292.649994
2020-02-05 16:53:42.547	0.00	169.1471	-21.0348	1	292.420013	292.660004
2020-02-05 16:53:43.456	0.00	169.1764	-21.0289	1	292.429993	292.660004
2020-02-05 16:53:44.396	0.00	169.0987	-21.0306	1	292.420013	292.649994
2020-02-05 16:53:45.330	0.00	169.0853	-21.0281	1	292.429993	292.640015
2020-02-05 16:53:46.285	0.00	168.9279	-21.0179	1	292.429993	292.649994
2020-02-05 16:53:47.195	0.00	168.9207	-21.0219	1	292.440002	292.660004
2020-02-05 16:53:48.129	0.00	168.8759	-21.0176	1	292.440002	292.660004
2020-02-05 16:53:49.097	0.00	168.8723	-21.0200	1	292.429993	292.660004
2020-02-05 16:53:49.988	0.00	168.9321	-21.0165	1	292.420013	292.640015
2020-02-05 16:53:50.960	0.00	168.8074	-21.0264	1	292.440002	292.660004
2020-02-05 16:53:51.908	0.00	168.7688	-21.0256	1	292.440002	292.649994
2020-02-05 16:53:52.868	0.00	168.6338	-21.0232	1	292.429993	292.649994
2020-02-05 16:53:53.804	0.00	168.6315	-21.0132	1	292.440002	292.649994
2020-02-05 16:53:54.733	0.00	168.6271	-21.0169	1	292.420013	292.640015
2020-02-05 16:53:55.661	0.00	168.5151	-21.0178	1	292.429993	292.649994
2020-02-05 16:53:56.614	0.00	168.4904	-21.0222	1	292.440002	292.649994
2020-02-05 16:53:57.538	0.00	168.3336	-21.0147	1	292.429993	292.649994
2020-02-05 16:53:58.491	0.00	168.3520	-21.0201	1	292.440002	292.649994
2020-02-05 16:53:59.405	0.00	168.2433	-21.0212	1	292.440002	292.640015
2020-02-05 16:54:00.341	0.00	168.2793	-21.0229	1	292.440002	292.649994
2020-02-05 16:54:01.281	0.00	168.3163	-21.0228	1	292.440002	292.649994
2020-02-05 16:54:02.243	0.00	168.3572	-21.0230	1	292.429993	292.649994
2020-02-05 16:54:03.197	0.00	168.4980	-21.0206	1	292.420013	292.649994
2020-02-05 16:54:04.128	0.00	168.4657	-21.0170	1	292.420013	292.660004
2020-02-05 16:54:05.058	0.00	168.4993	-21.0216	1	292.429993	292.660004
2020-02-05 16:54:05.989	0.00	168.5311	-21.0230	1	292.429993	292.649994
2020-02-05 16:54:06.932	0.00	168.5441	-21.0127	1	292.429993	292.660004
2020-02-05 16:54:07.889	0.00	168.6725	-21.0186	1	292.429993	292.649994
2020-02-05 16:54:08.836	0.00	168.6699	-21.0188	1	292.420013	292.660004
2020-02-05 16:54:09.773	0.00	168.6650	-21.0140	1	292.450012	292.660004
2020-02-05 16:54:10.709	0.00	168.5751	-21.0162	1	292.429993	292.640015
2020-02-05 16:54:11.648	0.00	168.4734	-21.0111	1	292.440002	292.660004
2020-02-05 16:54:12.574	0.00	168.4226	-21.0217	1	292.440002	292.660004
2020-02-05 16:54:13.525	0.00	168.3109	-21.0159	1	292.450012	292.660004
2020-02-05 16:54:14.455	0.00	168.4066	-21.0088	1	292.440002	292.640015
2020-02-05 16:54:15.412	0.00	168.3579	-21.0086	1	292.429993	292.640015
2020-02-05 16:54:16.353	0.00	168.2790	-21.0100	1	292.429993	292.660004
2020-02-05 16:54:17.293	0.00	168.2186	-21.0071	1	292.429993	292.649994
2020-02-05 16:54:18.243	0.00	168.1049	-21.0093	1	292.429993	292.649994
2020-02-05 16:54:19.179	0.00	168.1719	-21.0133	1	292.420013	292.670013
2020-02-05 16:54:20.111	0.00	168.1429	-21.0148	1	292.420013	292.640015
2020-02-05 16:54:21.038	0.00	168.1365	-21.0172	1	292.450012	292.640015
2020-02-05 16:54:22.013	0.00	168.1120	-21.0129	1	292.440002	292.660004
2020-02-05 16:54:22.899	0.00	168.0748	-21.0077	1	292.440002	292.649994
2020-02-05 16:54:23.866	0.00	168.0948	-21.0158	1	292.429993	292.660004
2020-02-05 16:54:24.798	0.00	168.0160	-21.0195	1	292.440002	292.660004
2020-02-05 16:54:25.746	0.00	168.1023	-21.0219	1	292.440002	292.649994
2020-02-05 16:54:26.647	0.00	168.0748	-21.0224	1	292.429993	292.649994
2020-02-05 16:54:27.620	0.00	168.0858	-21.0196	1	292.429993	292.649994
2020-02-05 16:54:28.549	0.00	168.1189	-21.0181	1	292.440002	292.649994
2020-02-05 16:54:29.507	0.00	168.0926	-21.0136	1	292.440002	292.660004
2020-02-05 16:54:30.443	0.00	168.1310	-21.0184	1	292.440002	292.660004
2020-02-05 16:54:31.370	0.00	168.0232	-21.0187	1	292.450012	292.649994
2020-02-05 16:54:32.330	0.00	168.0783	-21.0085	1	292.440002	292.649994
2020-02-05 16:54:33.259	0.00	168.0394	-21.0232	1	292.450012	292.660004
2020-02-05 16:54:34.194	0.00	168.1109	-21.0200	1	292.440002	292.649994
2020-02-05 16:54:35.126	0.00	168.0987	-21.0218	1	292.440002	292.660004
2020-02-05 16:54:36.077	0.00	168.1096	-21.0185	1	292.450012	292.649994
2020-02-05 16:54:37.009	0.00	168.2649	-21.0227	1	292.450012	292.660004
2020-02-05 16:54:37.939	0.00	168.2526	-21.0160	1	292.450012	292.640015
2020-02-05 16:54:38.906	0.00	168.3616	-21.0233	1	292.440002	292.649994
2020-02-05 16:54:39.849	0.00	168.4289	-21.0182	1	292.450012	292.660004
2020-02-05 16:54:40.760	0.00	168.4432	-21.0176	1	292.440002	292.660004
2020-02-05 16:54:41.703	0.00	168.6097	-21.0200	1	292.450012	292.649994
2020-02-05 16:54:42.673	0.00	168.6449	-21.0299	1	292.440002	292.649994
2020-02-05 16:54:43.590	0.00	168.7511	-21.0257	1	292.440002	292.660004
2020-02-05 16:54:44.535	0.00	168.7794	-21.0361	1	292.440002	292.660004
2020-02-05 16:54:45.482	0.00	168.7444	-21.0363	1	292.429993	292.649994
2020-02-05 16:54:46.421	0.00	168.9140	-21.0453	1	292.440002	292.640015
2020-02-05 16:54:47.377	0.00	168.8881	-21.0446	1	292.450012	292.649994
2020-02-05 16:54:48.312	0.00	169.0407	-21.0350	1	292.440002	292.649994
2020-02-05 16:54:49.259	0.00	169.0237	-21.0362	1	292.440002	292.649994
2020-02-05 16:54:50.174	0.00	168.8997	-21.0363	1	292.440002	292.660004
2020-02-05 16:54:51.143	0.00	168.9234	-21.0390	1	292.440002	292.660004
2020-02-05 16:54:52.081	0.00	168.7965	-21.0297	1	292.450012	292.660004
2020-02-05 16:54:53.005	0.00	168.8605	-21.0400	1	292.440002	292.660004
2020-02-05 16:54:53.971	0.00	168.8153	-21.0439	1	292.450012	292.660004
2020-02-05 16:54:54.909	0.00	168.7247	-21.0443	1	292.440002	292.649994
2020-02-05 16:54:55.838	0.00	168.7277	-21.0507	1	292.440002	292.649994
2020-02-05 16:54:56.772	0.00	168.6422	-21.0662	1	292.450012	292.660004
2020-02-05 16:54:57.713	0.00	168.6780	-21.0561	1	292.440002	292.649994
2020-02-05 16:54:58.677	0.00	168.6752	-21.0504	1	292.450012	292.640015
2020-02-05 16:54:59.616	0.00	168.5893	-21.0517	1	292.440002	292.660004
2020-02-05 16:55:00.543	0.00	168.6425	-21.0736	1	292.440002	292.649994
2020-02-05 16:55:01.508	0.00	168.5488	-21.0379	1	292.450012	292.649994
2020-02-05 16:55:02.436	0.00	168.4746	-21.0337	1	292.450012	292.660004
2020-02-05 16:55:03.413	0.00	168.4743	-21.0326	1	292.440002	292.660004
2020-02-05 16:55:04.319	0.00	168.4157	-21.0311	1	292.450012	292.660004
2020-02-05 16:55:05.251	0.00	168.5384	-21.0374	1	292.450012	292.670013
2020-02-05 16:55:06.191	0.00	168.5039	-21.0299	1	292.440002	292.660004
2020-02-05 16:55:07.122	0.00	168.5782	-21.0350	1	292.440002	292.649994
2020-02-05 16:55:08.051	0.00	168.5482	-21.0323	1	292.440002	292.649994
2020-02-05 16:55:09.021	0.00	168.5251	-21.0240	1	292.420013	292.660004
2020-02-05 16:55:09.960	0.00	168.5718	-21.0318	1	292.450012	292.649994
2020-02-05 16:55:10.911	0.00	168.4415	-21.0343	1	292.440002	292.660004
2020-02-05 16:55:11.834	0.00	168.4292	-21.0254	1	292.440002	292.649994
2020-02-05 16:55:12.809	0.00	168.4622	-21.0366	1	292.440002	292.670013
2020-02-05 16:55:13.741	0.00	168.4350	-21.0423	1	292.450012	292.640015
2020-02-05 16:55:14.671	0.00	168.4611	-21.0382	1	292.450012	292.660004
2020-02-05 16:55:15.606	0.00	168.3516	-21.0293	1	292.440002	292.649994
2020-02-05 16:55:16.554	0.00	168.3915	-21.0290	1	292.440002	292.649994
2020-02-05 16:55:17.495	0.00	168.3317	-21.0351	1	292.429993	292.670013
2020-02-05 16:55:18.429	0.00	168.2730	-21.0377	1	292.429993	292.640015
2020-02-05 16:55:19.368	0.00	168.2843	-21.0399	1	292.429993	292.660004
2020-02-05 16:55:20.331	0.00	168.2314	-21.0445	1	292.440002	292.649994
2020-02-05 16:55:21.246	0.00	168.2981	-21.0326	1	292.420013	292.660004
2020-02-05 16:55:22.202	0.00	168.3621	-21.0417	1	292.429993	292.660004
2020-02-05 16:55:23.142	0.00	168.3145	-21.0432	1	292.429993	292.660004
2020-02-05 16:55:24.082	0.00	168.3901	-21.0461	1	292.440002	292.640015
2020-02-05 16:55:25.039	0.00	168.2876	-21.0507	1	292.429993	292.660004
2020-02-05 16:55:25.978	0.00	168.3595	-21.0472	1	292.440002	292.660004
2020-02-05 16:55:26.931	0.00	168.3824	-21.0690	1	292.440002	292.660004
2020-02-05 16:55:27.853	0.00	168.3589	-21.0455	1	292.429993	292.649994
2020-02-05 16:55:28.787	0.00	168.4672	-21.0435	1	292.440002	292.660004
2020-02-05 16:55:29.727	0.00	168.3588	-21.0402	1	292.429993	292.660004
2020-02-05 16:55:30.706	0.00	168.3642	-21.0318	1	292.440002	292.649994
2020-02-05 16:55:31.618	0.00	168.3474	-21.0444	1	292.440002	292.660004
2020-02-05 16:55:32.564	0.00	168.3210	-21.0557	1	292.429993	292.649994
2020-02-05 16:55:33.491	0.00	168.4286	-21.0615	1	292.450012	292.649994
2020-02-05 16:55:34.446	0.00	168.3304	-21.0572	1	292.450012	292.649994
2020-02-05 16:55:35.394	0.00	168.3199	-21.0477	1	292.420013	292.649994
2020-02-05 16:55:36.322	0.00	168.3504	-21.0485	1	292.429993	292.640015
2020-02-05 16:55:37.264	0.00	168.2368	-21.0465	1	292.429993	292.649994
2020-02-05 16:55:38.197	0.00	168.2444	-21.0466	1	292.440002	292.649994
2020-02-05 16:55:39.127	0.00	168.2214	-21.0404	1	292.440002	292.660004
2020-02-05 16:55:40.068	0.00	168.2888	-21.0267	1	292.429993	292.660004
2020-02-05 16:55:40.990	0.00	168.2569	-21.0427	1	292.429993	292.660004
2020-02-05 16:55:41.966	0.00	168.3398	-21.0331	1	292.420013	292.660004
2020-02-05 16:55:42.893	0.00	168.4447	-21.0483	1	292.420013	292.649994
2020-02-05 16:55:43.848	0.00	168.4234	-21.0503	1	292.420013	292.660004
2020-02-05 16:55:44.778	0.00	168.5596	-21.0464	1	292.429993	292.660004
2020-02-05 16:55:45.711	0.00	168.4929	-21.0523	1	292.420013	292.660004
2020-02-05 16:55:46.652	0.00	168.5043	-21.0461	1	292.429993	292.649994
2020-02-05 16:55:47.601	0.00	168.5093	-21.0432	1	292.440002	292.679993
2020-02-05 16:55:48.578	0.00	168.4214	-21.0314	1	292.440002	292.660004
2020-02-05 16:55:49.477	0.00	168.5463	-21.0385	1	292.440002	292.660004
2020-02-05 16:55:50.408	0.00	168.5476	-21.0295	1	292.440002	292.640015
2020-02-05 16:55:51.377	0.00	168.6273	-21.0274	1	292.440002	292.649994
2020-02-05 16:55:52.320	0.00	168.6006	-21.0309	1	292.440002	292.660004
2020-02-05 16:55:53.247	0.00	168.5017	-21.0339	1	292.429993	292.649994
2020-02-05 16:55:54.189	0.00	168.5735	-21.0590	1	292.440002	292.660004
2020-02-05 16:55:55.110	0.00	168.5289	-21.0567	1	292.440002	292.660004
2020-02-05 16:55:56.075	0.00	168.5344	-21.0449	1	292.440002	292.649994
2020-02-05 16:55:57.014	0.00	168.5125	-21.0371	1	292.450012	292.670013
2020-02-05 16:55:57.976	0.00	168.4240	-21.0319	1	292.440002	292.660004
2020-02-05 16:55:58.903	0.00	168.4856	-21.0299	1	292.450012	292.660004
2020-02-05 16:55:59.831	0.00	168.4499	-21.0273	1	292.450012	292.660004
2020-02-05 16:56:00.792	0.00	168.4540	-21.0318	1	292.440002	292.660004
2020-02-05 16:56:01.688	0.00	168.5024	-21.0364	1	292.440002	292.660004
2020-02-05 16:56:02.686	0.00	168.4184	-21.0386	1	292.440002	292.660004
2020-02-05 16:56:03.612	0.00	168.4502	-21.0521	1	292.450012	292.670013
2020-02-05 16:56:04.566	0.00	168.4228	-21.0499	1	292.440002	292.660004
2020-02-05 16:56:05.494	0.00	168.4112	-21.0330	1	292.420013	292.660004
2020-02-05 16:56:06.416	0.00	168.4197	-21.0288	1	292.440002	292.660004
2020-02-05 16:56:07.400	0.00	168.3555	-21.0365	1	292.450012	292.660004
2020-02-05 16:56:08.317	0.00	168.4898	-21.0361	1	292.440002	292.660004
2020-02-05 16:56:09.270	0.00	168.5048	-21.0352	1	292.450012	292.660004
2020-02-05 16:56:10.192	0.00	168.4876	-21.0298	1	292.429993	292.670013
2020-02-05 16:56:11.143	0.00	168.5565	-21.0271	1	292.440002	292.670013
2020-02-05 16:56:12.094	0.00	168.5638	-21.0436	1	292.429993	292.670013
2020-02-05 16:56:13.025	0.00	168.6966	-21.0473	1	292.440002	292.660004
2020-02-05 16:56:13.980	0.00	168.7778	-21.0362	1	292.440002	292.670013
2020-02-05 16:56:14.924	0.00	168.8005	-21.0361	1	292.440002	292.649994
2020-02-05 16:56:15.868	0.00	168.9826	-21.0266	1	292.429993	292.670013
2020-02-05 16:56:16.805	0.00	168.9255	-21.0345	1	292.450012	292.660004
2020-02-05 16:56:17.753	0.00	168.8518	-21.0306	1	292.450012	292.670013
2020-02-05 16:56:18.701	0.00	168.8477	-21.0292	1	292.450012	292.670013
2020-02-05 16:56:19.627	0.00	168.7893	-21.0194	1	292.450012	292.660004
2020-02-05 16:56:20.561	0.00	168.8220	-21.0264	1	292.429993	292.660004
2020-02-05 16:56:21.514	0.00	168.7281	-21.0298	1	292.440002	292.670013
2020-02-05 16:56:22.449	0.00	168.7449	-21.0411	1	292.450012	292.660004
2020-02-05 16:56:23.395	0.00	168.7213	-21.0423	1	292.429993	292.640015
2020-02-05 16:56:24.305	0.00	168.6810	-21.0448	1	292.440002	292.660004
2020-02-05 16:56:25.264	0.00	168.8230	-21.0572	1	292.440002	292.670013
2020-02-05 16:56:26.221	0.00	168.7879	-21.0405	1	292.450012	292.660004
2020-02-05 16:56:27.138	0.00	168.8985	-21.0298	1	292.450012	292.649994
2020-02-05 16:56:28.081	0.00	168.8567	-21.0442	1	292.440002	292.660004
2020-02-05 16:56:29.044	0.00	168.8200	-21.0392	1	292.440002	292.649994
2020-02-05 16:56:29.985	0.00	168.9574	-21.0388	1	292.440002	292.649994
2020-02-05 16:56:30.910	0.00	168.9421	-21.0364	1	292.440002	292.660004
2020-02-05 16:56:31.849	0.00	169.0232	-21.0290	1	292.440002	292.660004
2020-02-05 16:56:32.774	0.00	168.9397	-21.0372	1	292.440002	292.660004
2020-02-05 16:56:33.726	0.00	169.0046	-21.0362	1	292.440002	292.660004
2020-02-05 16:56:34.634	0.00	168.9738	-21.0392	1	292.450012	292.660004
2020-02-05 16:56:35.591	0.00	169.0486	-21.0481	1	292.450012	292.640015
2020-02-05 16:56:36.535	0.00	169.1345	-21.0535	1	292.450012	292.660004
2020-02-05 16:56:37.475	0.00	169.1527	-21.0347	1	292.429993	292.660004
2020-02-05 16:56:38.398	0.00	169.2683	-21.0297	1	292.440002	292.660004
2020-02-05 16:56:39.343	0.00	169.2362	-21.0331	1	292.450012	292.649994
2020-02-05 16:56:40.286	0.00	169.2940	-21.0417	1	292.440002	292.660004
2020-02-05 16:56:41.229	0.00	169.1533	-21.0440	1	292.450012	292.640015
2020-02-05 16:56:42.179	0.00	169.0207	-21.0350	1	292.459991	292.660004
2020-02-05 16:56:43.125	0.00	169.0414	-21.0311	1	292.450012	292.660004
2020-02-05 16:56:44.053	0.00	168.9233	-21.0426	1	292.450012	292.660004
2020-02-05 16:56:44.997	0.00	168.9281	-21.0451	1	292.450012	292.649994
2020-02-05 16:56:45.964	0.00	168.9450	-21.0394	1	292.440002	292.660004
2020-02-05 16:56:46.875	0.00	168.9169	-21.0567	1	292.450012	292.649994
2020-02-05 16:56:47.821	0.00	168.9960	-21.0478	1	292.440002	292.660004
2020-02-05 16:56:48.778	0.00	168.8741	-21.0370	1	292.450012	292.649994
2020-02-05 16:56:49.709	0.00	168.8652	-21.0381	1	292.440002	292.649994
2020-02-05 16:56:50.644	0.00	168.8501	-21.0390	1	292.450012	292.649994
2020-02-05 16:56:51.577	0.00	168.8207	-21.0324	1	292.450012	292.660004
2020-02-05 16:56:52.522	0.00	168.8892	-21.0399	1	292.450012	292.660004
2020-02-05 16:56:53.471	0.00	168.8789	-21.0365	1	292.450012	292.649994
2020-02-05 16:56:54.399	0.00	168.9601	-21.0243	1	292.440002	292.640015
2020-02-05 16:56:55.360	0.00	169.0175	-21.0301	1	292.459991	292.660004
2020-02-05 16:56:56.291	0.00	168.9480	-21.0397	1	292.450012	292.649994
2020-02-05 16:56:57.234	0.00	168.9873	-21.0371	1	292.450012	292.660004
2020-02-05 16:56:58.174	0.00	168.8943	-21.0307	1	292.440002	292.649994
2020-02-05 16:56:59.114	0.00	168.8961	-21.0186	1	292.450012	292.660004
2020-02-05 16:57:00.060	0.00	168.8601	-21.0293	1	292.440002	292.660004
2020-02-05 16:57:00.986	0.00	168.8369	-21.0370	1	292.450012	292.660004
2020-02-05 16:57:01.920	0.00	168.8794	-21.0361	1	292.440002	292.660004
2020-02-05 16:57:02.874	0.00	168.7013	-21.0346	1	292.440002	292.649994
2020-02-05 16:57:03.818	0.00	168.7471	-21.0348	1	292.450012	292.640015
2020-02-05 16:57:04.773	0.00	168.7160	-21.0322	1	292.450012	292.660004
2020-02-05 16:57:05.670	0.00	168.6822	-21.0237	1	292.440002	292.649994
2020-02-05 16:57:06.625	0.00	168.7138	-21.0268	1	292.450012	292.660004
2020-02-05 16:57:07.588	0.00	168.5595	-21.0286	1	292.450012	292.649994
2020-02-05 16:57:08.503	0.00	168.5744	-21.0371	1	292.450012	292.649994
2020-02-05 16:57:09.459	0.00	168.5296	-21.0374	1	292.440002	292.660004
2020-02-05 16:57:10.412	0.00	168.4279	-21.0227	1	292.450012	292.660004
2020-02-05 16:57:11.344	0.00	168.5671	-21.0185	1	292.450012	292.640015
2020-02-05 16:57:12.273	0.00	168.6326	-21.0230	1	292.450012	292.649994
2020-02-05 16:57:13.231	0.00	168.7576	-21.0183	1	292.470001	292.649994
2020-02-05 16:57:14.183	0.00	168.8708	-21.0211	1	292.459991	292.640015
2020-02-05 16:57:15.111	0.00	168.8970	-21.0257	1	292.440002	292.649994
2020-02-05 16:57:16.050	0.00	169.0109	-21.0250	1	292.459991	292.660004
2020-02-05 16:57:17.008	0.00	168.9059	-21.0203	1	292.459991	292.660004
2020-02-05 16:57:17.945	0.00	168.8868	-21.0194	1	292.450012	292.679993
2020-02-05 16:57:18.883	0.00	168.8430	-21.0205	1	292.450012	292.660004
2020-02-05 16:57:19.833	0.00	168.7489	-21.0235	1	292.459991	292.649994
2020-02-05 16:57:20.764	0.00	168.8667	-21.0253	1	292.470001	292.660004
2020-02-05 16:57:21.709	0.00	168.8758	-21.0407	1	292.459991	292.660004
2020-02-05 16:57:22.650	0.00	168.9545	-21.0340	1	292.450012	292.660004
2020-02-05 16:57:23.612	0.00	169.0601	-21.0285	1	292.459991	292.660004
2020-02-05 16:57:24.527	0.00	169.0625	-21.0132	1	292.459991	292.660004
2020-02-05 16:57:25.485	0.00	169.1419	-21.0115	1	292.450012	292.660004
2020-02-05 16:57:26.433	0.00	169.0498	-21.0172	1	292.470001	292.660004
2020-02-05 16:57:27.371	0.00	168.9405	-21.0211	1	292.459991	292.660004
2020-02-05 16:57:28.323	0.00	168.9373	-21.0270	1	292.470001	292.660004
2020-02-05 16:57:29.240	0.00	168.8555	-21.0282	1	292.459991	292.679993
2020-02-05 16:57:30.229	0.00	168.8709	-21.0380	1	292.450012	292.660004
2020-02-05 16:57:31.134	0.00	168.9081	-21.0301	1	292.480011	292.660004
2020-02-05 16:57:32.063	0.00	168.9236	-21.0253	1	292.459991	292.660004
2020-02-05 16:57:33.032	0.00	169.0008	-21.0209	1	292.450012	292.660004
2020-02-05 16:57:33.974	0.00	168.9186	-21.0215	1	292.480011	292.660004
2020-02-05 16:57:34.894	0.00	168.8587	-21.0272	1	292.480011	292.660004
2020-02-05 16:57:35.847	0.00	168.8872	-21.0224	1	292.470001	292.660004
2020-02-05 16:57:36.799	0.00	168.7428	-21.0300	1	292.459991	292.660004
2020-02-05 16:57:37.739	0.00	168.7558	-21.0239	1	292.459991	292.660004
2020-02-05 16:57:38.691	0.00	168.6836	-21.0208	1	292.459991	292.660004
2020-02-05 16:57:39.622	0.00	168.7517	-21.0293	1	292.459991	292.660004
2020-02-05 16:57:40.547	0.00	168.7586	-21.0310	1	292.470001	292.660004
2020-02-05 16:57:41.480	0.00	168.8217	-21.0288	1	292.459991	292.670013
2020-02-05 16:57:42.420	0.00	168.8156	-21.0312	1	292.459991	292.679993
2020-02-05 16:57:43.356	0.00	168.7518	-21.0190	1	292.459991	292.660004
2020-02-05 16:57:44.283	0.00	168.7993	-21.0221	1	292.470001	292.649994
2020-02-05 16:57:45.211	0.00	168.7265	-21.0223	1	292.459991	292.660004
2020-02-05 16:57:46.158	0.00	168.7540	-21.0221	1	292.470001	292.660004
2020-02-05 16:57:47.103	0.00	168.6271	-21.0178	1	292.459991	292.660004
2020-02-05 16:57:48.074	0.00	168.6152	-21.0124	1	292.470001	292.660004
2020-02-05 16:57:48.964	0.00	168.5725	-21.0198	1	292.470001	292.649994
2020-02-05 16:57:49.920	0.00	168.4627	-21.0132	1	292.459991	292.660004
2020-02-05 16:57:50.865	0.00	168.5456	-21.0118	1	292.470001	292.649994
2020-02-05 16:57:51.803	0.00	168.5038	-21.0145	1	292.470001	292.660004
2020-02-05 16:57:52.726	0.00	168.5809	-21.0168	1	292.470001	292.640015
2020-02-05 16:57:53.649	0.00	168.5207	-21.0204	1	292.470001	292.660004
2020-02-05 16:57:54.597	0.00	168.5611	-21.0118	1	292.470001	292.660004
2020-02-05 16:57:55.557	0.00	168.5445	-21.0157	1	292.459991	292.649994
2020-02-05 16:57:56.474	0.00	168.5216	-21.0297	1	292.470001	292.649994
2020-02-05 16:57:57.430	0.00	168.6566	-21.0301	1	292.450012	292.670013
2020-02-05 16:57:58.369	0.00	168.5818	-21.0257	1	292.459991	292.660004
2020-02-05 16:57:59.292	0.00	168.6698	-21.0322	1	292.470001	292.660004
2020-02-05 16:58:00.255	0.00	168.6262	-21.0310	1	292.480011	292.660004
2020-02-05 16:58:01.176	0.00	168.6635	-21.0331	1	292.470001	292.660004
2020-02-05 16:58:02.121	0.00	168.7672	-21.0301	1	292.480011	292.660004
2020-02-05 16:58:03.064	0.00	168.7120	-21.0304	1	292.459991	292.649994
2020-02-05 16:58:04.033	0.00	168.8523	-21.0157	1	292.459991	292.649994
2020-02-05 16:58:04.958	0.00	168.8748	-21.0138	1	292.470001	292.660004
2020-02-05 16:58:05.884	0.00	168.9250	-21.0177	1	292.459991	292.660004
2020-02-05 16:58:06.816	0.00	169.0285	-21.0157	1	292.470001	292.660004
2020-02-05 16:58:07.768	0.00	168.9608	-21.0195	1	292.450012	292.660004
2020-02-05 16:58:08.715	0.00	169.0770	-21.0211	1	292.450012	292.640015
2020-02-05 16:58:09.667	0.00	169.0843	-21.0220	1	292.459991	292.649994
2020-02-05 16:58:10.592	0.00	169.0623	-21.0104	1	292.459991	292.649994
2020-02-05 16:58:11.539	0.00	169.1587	-21.0184	1	292.470001	292.660004
2020-02-05 16:58:12.473	0.00	169.0784	-21.0233	1	292.470001	292.660004
2020-02-05 16:58:13.426	0.00	169.1765	-21.0198	1	292.480011	292.649994
2020-02-05 16:58:14.381	0.00	169.1452	-21.0175	1	292.470001	292.640015
2020-02-05 16:58:15.319	0.00	169.1346	-21.0082	1	292.470001	292.649994
2020-02-05 16:58:16.255	0.00	169.2387	-21.0114	1	292.480011	292.660004
2020-02-05 16:58:17.195	0.00	169.2382	-21.0155	1	292.480011	292.660004
2020-02-05 16:58:18.144	0.00	169.3622	-21.0192	1	292.470001	292.649994
2020-02-05 16:58:19.059	0.00	169.3882	-21.0194	1	292.470001	292.660004
2020-02-05 16:58:20.003	0.00	169.3880	-21.0195	1	292.470001	292.660004
2020-02-05 16:58:20.952	0.00	169.4067	-21.0141	1	292.470001	292.670013
2020-02-05 16:58:21.909	0.00	169.3683	-21.0126	1	292.470001	292.660004
2020-02-05 16:58:22.825	0.00	169.4434	-21.0132	1	292.470001	292.649994
2020-02-05 16:58:23.780	0.00	169.4726	-21.0165	1	292.459991	292.670013
2020-02-05 16:58:24.738	0.00	169.4340	-21.0148	1	292.470001	292.660004
2020-02-05 16:58:25.660	0.00	169.4731	-21.0194	1	292.470001	292.660004
2020-02-05 16:58:26.603	0.00	169.3309	-21.0155	1	292.470001	292.660004
2020-02-05 16:58:27.543	0.00	169.2853	-21.0168	1	292.470001	292.660004
2020-02-05 16:58:28.513	0.00	169.2601	-21.0160	1	292.459991	292.649994
2020-02-05 16:58:29.388	0.00	169.2428	-21.0121	1	292.459991	292.649994
2020-02-05 16:58:30.379	0.00	169.3357	-21.0158	1	292.470001	292.660004
2020-02-05 16:58:31.323	0.00	169.2556	-21.0169	1	292.470001	292.660004
2020-02-05 16:58:32.266	0.00	169.3013	-21.0174	1	292.459991	292.670013
2020-02-05 16:58:33.212	0.00	169.3613	-21.0154	1	292.459991	292.660004
2020-02-05 16:58:34.126	0.00	169.2750	-21.0237	1	292.470001	292.660004
2020-02-05 16:58:35.092	0.00	169.4338	-21.0270	1	292.459991	292.660004
2020-02-05 16:58:36.029	0.00	169.4370	-21.0246	1	292.470001	292.660004
2020-02-05 16:58:36.976	0.00	169.4932	-21.0195	1	292.470001	292.660004
2020-02-05 16:58:37.920	0.00	169.4851	-21.0160	1	292.450012	292.670013
2020-02-05 16:58:38.849	0.00	169.4373	-21.0138	1	292.470001	292.670013
2020-02-05 16:58:39.808	0.00	169.5579	-21.0122	1	292.470001	292.660004
2020-02-05 16:58:40.741	0.00	169.4968	-21.0172	1	292.450012	292.660004
2020-02-05 16:58:41.669	0.00	169.4785	-21.0117	1	292.450012	292.660004
2020-02-05 16:58:42.609	0.00	169.3759	-21.0115	1	292.459991	292.649994
2020-02-05 16:58:43.549	0.00	169.4180	-21.0085	1	292.450012	292.679993
2020-02-05 16:58:44.502	0.00	169.5396	-21.0099	1	292.459991	292.660004
2020-02-05 16:58:45.413	0.00	169.5245	-21.0087	1	292.459991	292.679993
2020-02-05 16:58:46.367	0.00	169.6072	-21.0081	1	292.470001	292.670013
2020-02-05 16:58:47.321	0.00	169.5307	-21.0096	1	292.459991	292.670013
2020-02-05 16:58:48.249	0.00	169.5012	-21.0089	1	292.459991	292.660004
2020-02-05 16:58:49.179	0.00	169.5292	-21.0054	1	292.459991	292.660004
2020-02-05 16:58:50.112	0.00	169.5100	-21.0097	1	292.459991	292.670013
2020-02-05 16:58:51.046	0.00	169.4888	-21.0157	1	292.450012	292.660004
2020-02-05 16:58:51.983	0.00	169.3042	-21.0203	1	292.459991	292.660004
2020-02-05 16:58:52.936	0.00	169.3855	-21.0340	1	292.459991	292.660004
2020-02-05 16:58:53.860	0.00	169.2749	-21.0304	1	292.459991	292.679993
2020-02-05 16:58:54.792	0.00	169.3178	-21.0250	1	292.459991	292.660004
2020-02-05 16:58:55.746	0.00	169.3159	-21.0313	1	292.459991	292.660004
2020-02-05 16:58:56.676	0.00	169.3876	-21.0306	1	292.470001	292.670013
2020-02-05 16:58:57.607	0.00	169.4280	-21.0266	1	292.459991	292.670013
2020-02-05 16:58:58.558	0.00	169.4208	-21.0182	1	292.470001	292.660004
2020-02-05 16:58:59.488	0.00	169.5368	-21.0102	1	292.450012	292.670013
2020-02-05 16:59:00.454	0.00	169.4352	-21.0078	1	292.459991	292.660004
2020-02-05 16:59:01.368	0.00	169.4031	-21.0075	1	292.450012	292.670013
2020-02-05 16:59:02.328	0.00	169.4149	-21.0067	1	292.459991	292.670013
2020-02-05 16:59:03.243	0.00	169.4254	-21.0049	1	292.450012	292.660004
2020-02-05 16:59:04.196	0.00	169.6150	-21.0038	1	292.459991	292.660004
2020-02-05 16:59:05.149	0.00	169.6539	-21.0074	1	292.450012	292.679993
2020-02-05 16:59:06.071	0.00	169.7219	-21.0079	1	292.450012	292.670013
2020-02-05 16:59:06.995	0.00	169.7506	-21.0091	1	292.450012	292.670013
2020-02-05 16:59:07.964	0.00	169.7322	-20.9994	1	292.450012	292.679993
2020-02-05 16:59:08.883	0.00	169.7567	-21.0066	1	292.459991	292.660004
2020-02-05 16:59:09.855	0.00	169.6145	-21.0076	1	292.450012	292.660004
2020-02-05 16:59:10.786	0.00	169.6314	-21.0083	1	292.440002	292.660004
2020-02-05 16:59:11.711	0.00	169.5299	-21.0059	1	292.450012	292.660004
2020-02-05 16:59:12.661	0.00	169.5851	-21.0044	1	292.450012	292.670013
2020-02-05 16:59:13.586	0.00	169.5177	-21.0092	1	292.440002	292.679993
2020-02-05 16:59:14.510	0.00	169.4090	-21.0118	1	292.459991	292.670013
2020-02-05 16:59:15.468	0.00	169.3994	-21.0093	1	292.450012	292.670013
2020-02-05 16:59:16.397	0.00	169.2904	-21.0071	1	292.450012	292.670013
2020-02-05 16:59:17.355	0.00	169.3497	-21.0097	1	292.440002	292.670013
2020-02-05 16:59:18.299	0.00	169.4122	-21.0116	1	292.440002	292.670013
2020-02-05 16:59:19.236	0.00	169.4495	-21.0195	1	292.450012	292.660004
2020-02-05 16:59:20.178	0.00	169.6050	-21.0205	1	292.440002	292.660004
2020-02-05 16:59:21.110	0.00	169.5887	-21.0157	1	292.450012	292.660004
2020-02-05 16:59:22.057	0.00	169.5673	-21.0182	1	292.459991	292.670013
2020-02-05 16:59:22.990	0.00	169.4752	-21.0167	1	292.440002	292.670013
2020-02-05 16:59:23.935	0.00	169.3446	-21.0253	1	292.440002	292.670013
