TS	Tilt	Phase	Amplitude	PLL_Locked	TempSensor1	TempSensor2
2020-02-05 15:36:04.904	0.00	43.4857	-21.9753	1	292.480011	292.709991
2020-02-05 15:36:05.846	0.00	43.5418	-21.9794	1	292.470001	292.720001
2020-02-05 15:36:06.778	0.00	43.6835	-21.9800	1	292.459991	292.709991
2020-02-05 15:36:07.708	0.00	43.7456	-21.9800	1	292.450012	292.730011
2020-02-05 15:36:08.624	0.00	43.7670	-21.9806	1	292.480011	292.720001
2020-02-05 15:36:09.555	0.00	43.8374	-21.9834	1	292.470001	292.720001
2020-02-05 15:36:10.524	0.00	43.7864	-21.9831	1	292.470001	292.700012
2020-02-05 15:36:11.456	0.00	43.8665	-21.9830	1	292.470001	292.709991
2020-02-05 15:36:12.370	0.00	43.8381	-21.9804	1	292.470001	292.700012
2020-02-05 15:36:13.335	0.00	43.8873	-21.9828	1	292.459991	292.730011
2020-02-05 15:36:14.279	0.00	43.7855	-21.9808	1	292.470001	292.709991
2020-02-05 15:36:15.195	0.00	43.7080	-21.9801	1	292.459991	292.709991
2020-02-05 15:36:16.140	0.00	43.7175	-21.9849	1	292.450012	292.709991
2020-02-05 15:36:17.091	0.00	43.6137	-21.9837	1	292.450012	292.720001
2020-02-05 15:36:18.022	0.00	43.6124	-21.9832	1	292.459991	292.709991
2020-02-05 15:36:18.954	0.00	43.5546	-21.9830	1	292.470001	292.700012
2020-02-05 15:36:19.880	0.00	43.6131	-21.9804	1	292.470001	292.709991
2020-02-05 15:36:20.839	0.00	43.5818	-21.9797	1	292.450012	292.709991
2020-02-05 15:36:21.767	0.00	43.4844	-21.9805	1	292.470001	292.709991
2020-02-05 15:36:22.739	0.00	43.4942	-21.9762	1	292.459991	292.720001
2020-02-05 15:36:23.690	0.00	43.4835	-21.9643	1	292.470001	292.709991
2020-02-05 15:36:24.577	0.00	43.5225	-21.9696	1	292.440002	292.720001
2020-02-05 15:36:25.536	0.00	43.5338	-21.9776	1	292.450012	292.709991
2020-02-05 15:36:26.497	0.00	43.5196	-21.9778	1	292.459991	292.709991
2020-02-05 15:36:27.418	0.00	43.6209	-21.9788	1	292.450012	292.709991
2020-02-05 15:36:28.390	0.00	43.6056	-21.9780	1	292.440002	292.709991
2020-02-05 15:36:29.316	0.00	43.6245	-21.9802	1	292.450012	292.709991
2020-02-05 15:36:30.244	0.00	43.5465	-21.9775	1	292.450012	292.709991
2020-02-05 15:36:31.157	0.00	43.5930	-21.9771	1	292.440002	292.709991
2020-02-05 15:36:32.101	0.00	43.5844	-21.9745	1	292.459991	292.709991
2020-02-05 15:36:33.044	0.00	43.6634	-21.9732	1	292.450012	292.709991
2020-02-05 15:36:33.974	0.00	43.5959	-21.9751	1	292.450012	292.700012
2020-02-05 15:36:34.861	0.00	43.5666	-21.9772	1	292.440002	292.709991
2020-02-05 15:36:35.847	0.00	43.5797	-21.9742	1	292.450012	292.700012
2020-02-05 15:36:36.820	0.00	43.5850	-21.9763	1	292.450012	292.700012
2020-02-05 15:36:37.727	0.00	43.6255	-21.9721	1	292.450012	292.700012
2020-02-05 15:36:38.678	0.00	43.6177	-21.9661	1	292.450012	292.709991
2020-02-05 15:36:39.617	0.00	43.6180	-21.9721	1	292.440002	292.700012
2020-02-05 15:36:40.560	0.00	43.6140	-21.9778	1	292.440002	292.690002
2020-02-05 15:36:41.464	0.00	43.5890	-21.9774	1	292.440002	292.700012
2020-02-05 15:36:42.421	0.00	43.5688	-21.9765	1	292.440002	292.709991
2020-02-05 15:36:43.351	0.00	43.5351	-21.9757	1	292.440002	292.700012
2020-02-05 15:36:44.311	0.00	43.5933	-21.9740	1	292.429993	292.709991
2020-02-05 15:36:45.233	0.00	43.4791	-21.9746	1	292.440002	292.709991
2020-02-05 15:36:46.158	0.00	43.5190	-21.9752	1	292.440002	292.700012
2020-02-05 15:36:47.112	0.00	43.6030	-21.9777	1	292.440002	292.700012
2020-02-05 15:36:48.058	0.00	43.5903	-21.9738	1	292.429993	292.709991
2020-02-05 15:36:49.004	0.00	43.6685	-21.9797	1	292.420013	292.709991
2020-02-05 15:36:49.927	0.00	43.7099	-21.9783	1	292.440002	292.709991
2020-02-05 15:36:50.871	0.00	43.8615	-21.9797	1	292.429993	292.709991
2020-02-05 15:36:51.855	0.00	43.9027	-21.9777	1	292.429993	292.700012
2020-02-05 15:36:52.750	0.00	43.9245	-21.9781	1	292.429993	292.709991
2020-02-05 15:36:53.705	0.00	43.9896	-21.9781	1	292.420013	292.709991
2020-02-05 15:36:54.652	0.00	43.9399	-21.9789	1	292.420013	292.690002
2020-02-05 15:36:55.592	0.00	43.9897	-21.9740	1	292.420013	292.709991
2020-02-05 15:36:56.530	0.00	43.9760	-21.9784	1	292.429993	292.700012
2020-02-05 15:36:57.471	0.00	44.0405	-21.9770	1	292.420013	292.709991
2020-02-05 15:36:58.387	0.00	44.0594	-21.9725	1	292.420013	292.700012
2020-02-05 15:36:59.328	0.00	43.9556	-21.9754	1	292.420013	292.700012
2020-02-05 15:37:00.291	0.00	44.0426	-21.9781	1	292.440002	292.690002
2020-02-05 15:37:01.258	0.00	44.0021	-21.9807	1	292.410004	292.709991
2020-02-05 15:37:02.167	0.00	44.0092	-21.9805	1	292.420013	292.700012
2020-02-05 15:37:03.099	0.00	44.0407	-21.9767	1	292.420013	292.700012
2020-02-05 15:37:04.041	0.00	44.0092	-21.9762	1	292.420013	292.690002
2020-02-05 15:37:04.966	0.00	44.0710	-21.9785	1	292.410004	292.700012
2020-02-05 15:37:05.984	0.00	43.9171	-21.9779	1	292.420013	292.690002
2020-02-05 15:37:06.867	0.00	43.8607	-21.9811	1	292.420013	292.679993
2020-02-05 15:37:07.800	0.00	43.7696	-21.9776	1	292.420013	292.690002
2020-02-05 15:37:08.757	0.00	43.6789	-21.9772	1	292.410004	292.690002
2020-02-05 15:37:09.690	0.00	43.6583	-21.9712	1	292.429993	292.700012
2020-02-05 15:37:10.638	0.00	43.5410	-21.9811	1	292.410004	292.700012
2020-02-05 15:37:11.563	0.00	43.6455	-21.9766	1	292.420013	292.700012
2020-02-05 15:37:12.508	0.00	43.5945	-21.9787	1	292.410004	292.679993
2020-02-05 15:37:13.474	0.00	43.5801	-21.9805	1	292.410004	292.690002
2020-02-05 15:37:14.400	0.00	43.6634	-21.9758	1	292.410004	292.690002
2020-02-05 15:37:15.357	0.00	43.6500	-21.9790	1	292.410004	292.700012
2020-02-05 15:37:16.288	0.00	43.7362	-21.9731	1	292.410004	292.679993
2020-02-05 15:37:17.232	0.00	43.7194	-21.9731	1	292.420013	292.700012
2020-02-05 15:37:18.155	0.00	43.8011	-21.9838	1	292.420013	292.679993
2020-02-05 15:37:19.084	0.00	43.8405	-21.9830	1	292.399994	292.690002
2020-02-05 15:37:20.055	0.00	43.7403	-21.9775	1	292.410004	292.700012
2020-02-05 15:37:20.996	0.00	43.7127	-21.9789	1	292.410004	292.690002
2020-02-05 15:37:21.887	0.00	43.6243	-21.9704	1	292.399994	292.709991
2020-02-05 15:37:22.881	0.00	43.5773	-21.9705	1	292.420013	292.709991
2020-02-05 15:37:23.809	0.00	43.5610	-21.9752	1	292.410004	292.690002
2020-02-05 15:37:24.740	0.00	43.4372	-21.9709	1	292.410004	292.690002
2020-02-05 15:37:25.693	0.00	43.4813	-21.9680	1	292.420013	292.700012
2020-02-05 15:37:26.630	0.00	43.3387	-21.9707	1	292.410004	292.690002
2020-02-05 15:37:27.554	0.00	43.3826	-21.9744	1	292.410004	292.700012
2020-02-05 15:37:28.484	0.00	43.3389	-21.9802	1	292.410004	292.700012
2020-02-05 15:37:29.444	0.00	43.3728	-21.9774	1	292.420013	292.709991
2020-02-05 15:37:30.373	0.00	43.3689	-21.9766	1	292.410004	292.700012
2020-02-05 15:37:31.304	0.00	43.3597	-21.9731	1	292.410004	292.709991
2020-02-05 15:37:32.244	0.00	43.3700	-21.9768	1	292.399994	292.709991
2020-02-05 15:37:33.213	0.00	43.2201	-21.9806	1	292.410004	292.700012
2020-02-05 15:37:34.111	0.00	43.2463	-21.9794	1	292.399994	292.690002
2020-02-05 15:37:35.063	0.00	43.1814	-21.9818	1	292.420013	292.690002
2020-02-05 15:37:36.016	0.00	43.1105	-21.9808	1	292.399994	292.700012
2020-02-05 15:37:36.957	0.00	43.1844	-21.9782	1	292.410004	292.700012
2020-02-05 15:37:37.884	0.00	43.1420	-21.9751	1	292.410004	292.700012
2020-02-05 15:37:38.864	0.00	43.2574	-21.9777	1	292.399994	292.700012
2020-02-05 15:37:39.788	0.00	43.2594	-21.9758	1	292.410004	292.690002
2020-02-05 15:37:40.717	0.00	43.2735	-21.9707	1	292.399994	292.690002
2020-02-05 15:37:41.665	0.00	43.3254	-21.9736	1	292.399994	292.690002
2020-02-05 15:37:42.611	0.00	43.1854	-21.9735	1	292.390015	292.700012
2020-02-05 15:37:43.538	0.00	43.1954	-21.9717	1	292.410004	292.690002
2020-02-05 15:37:44.496	0.00	43.1608	-21.9756	1	292.410004	292.700012
2020-02-05 15:37:45.424	0.00	43.1833	-21.9765	1	292.390015	292.679993
2020-02-05 15:37:46.375	0.00	43.1551	-21.9745	1	292.399994	292.690002
2020-02-05 15:37:47.310	0.00	43.1330	-21.9662	1	292.399994	292.690002
2020-02-05 15:37:48.245	0.00	43.2692	-21.9670	1	292.410004	292.690002
2020-02-05 15:37:49.208	0.00	43.3221	-21.9721	1	292.390015	292.679993
2020-02-05 15:37:50.129	0.00	43.3350	-21.9693	1	292.410004	292.690002
2020-02-05 15:37:51.063	0.00	43.3407	-21.9657	1	292.390015	292.700012
2020-02-05 15:37:52.015	0.00	43.3335	-21.9717	1	292.399994	292.690002
2020-02-05 15:37:52.944	0.00	43.4478	-21.9665	1	292.410004	292.690002
2020-02-05 15:37:53.925	0.00	43.3759	-21.9687	1	292.420013	292.700012
2020-02-05 15:37:54.878	0.00	43.4448	-21.9672	1	292.410004	292.700012
2020-02-05 15:37:55.796	0.00	43.4623	-21.9655	1	292.399994	292.700012
2020-02-05 15:37:56.749	0.00	43.4056	-21.9604	1	292.410004	292.690002
2020-02-05 15:37:57.676	0.00	43.5327	-21.9600	1	292.399994	292.700012
2020-02-05 15:37:58.621	0.00	43.4775	-21.9629	1	292.399994	292.690002
2020-02-05 15:37:59.561	0.00	43.4145	-21.9582	1	292.410004	292.700012
2020-02-05 15:38:00.512	0.00	43.3653	-21.9614	1	292.420013	292.690002
2020-02-05 15:38:01.467	0.00	43.2439	-21.9673	1	292.399994	292.679993
2020-02-05 15:38:02.401	0.00	43.2883	-21.9668	1	292.410004	292.690002
2020-02-05 15:38:03.323	0.00	43.2350	-21.9665	1	292.410004	292.700012
2020-02-05 15:38:04.281	0.00	43.2664	-21.9723	1	292.399994	292.700012
2020-02-05 15:38:05.221	0.00	43.3086	-21.9630	1	292.399994	292.690002
2020-02-05 15:38:06.144	0.00	43.2822	-21.9640	1	292.399994	292.700012
2020-02-05 15:38:07.101	0.00	43.3108	-21.9653	1	292.399994	292.690002
2020-02-05 15:38:08.025	0.00	43.2567	-21.9673	1	292.410004	292.690002
2020-02-05 15:38:08.965	0.00	43.3166	-21.9613	1	292.399994	292.679993
2020-02-05 15:38:09.911	0.00	43.3100	-21.9637	1	292.410004	292.690002
2020-02-05 15:38:10.864	0.00	43.2872	-21.9634	1	292.410004	292.690002
2020-02-05 15:38:11.798	0.00	43.3794	-21.9613	1	292.410004	292.700012
2020-02-05 15:38:12.732	0.00	43.3297	-21.9598	1	292.399994	292.690002
2020-02-05 15:38:13.671	0.00	43.3499	-21.9605	1	292.410004	292.700012
2020-02-05 15:38:14.623	0.00	43.3739	-21.9578	1	292.410004	292.679993
2020-02-05 15:38:15.574	0.00	43.2977	-21.9576	1	292.399994	292.690002
2020-02-05 15:38:16.525	0.00	43.4013	-21.9632	1	292.399994	292.690002
2020-02-05 15:38:17.462	0.00	43.3456	-21.9561	1	292.410004	292.679993
2020-02-05 15:38:18.392	0.00	43.3046	-21.9587	1	292.390015	292.690002
2020-02-05 15:38:19.349	0.00	43.3213	-21.9614	1	292.410004	292.679993
2020-02-05 15:38:20.276	0.00	43.2708	-21.9624	1	292.410004	292.700012
2020-02-05 15:38:21.210	0.00	43.3728	-21.9577	1	292.410004	292.690002
2020-02-05 15:38:22.172	0.00	43.3386	-21.9562	1	292.410004	292.679993
2020-02-05 15:38:23.117	0.00	43.4043	-21.9605	1	292.410004	292.690002
2020-02-05 15:38:24.047	0.00	43.5462	-21.9620	1	292.399994	292.679993
2020-02-05 15:38:24.998	0.00	43.5938	-21.9599	1	292.410004	292.690002
2020-02-05 15:38:25.946	0.00	43.6887	-21.9662	1	292.399994	292.690002
2020-02-05 15:38:26.892	0.00	43.6690	-21.9623	1	292.410004	292.670013
2020-02-05 15:38:27.793	0.00	43.7216	-21.9600	1	292.399994	292.679993
2020-02-05 15:38:28.777	0.00	43.7616	-21.9599	1	292.420013	292.690002
2020-02-05 15:38:29.693	0.00	43.6935	-21.9603	1	292.410004	292.700012
2020-02-05 15:38:30.647	0.00	43.7487	-21.9647	1	292.399994	292.679993
2020-02-05 15:38:31.609	0.00	43.7515	-21.9645	1	292.420013	292.679993
2020-02-05 15:38:32.535	0.00	43.7329	-21.9596	1	292.399994	292.679993
2020-02-05 15:38:33.482	0.00	43.7356	-21.9573	1	292.410004	292.670013
2020-02-05 15:38:34.400	0.00	43.6867	-21.9544	1	292.420013	292.679993
2020-02-05 15:38:35.384	0.00	43.8154	-21.9548	1	292.410004	292.690002
2020-02-05 15:38:36.298	0.00	43.8496	-21.9566	1	292.410004	292.679993
2020-02-05 15:38:37.232	0.00	43.9346	-21.9579	1	292.410004	292.679993
2020-02-05 15:38:38.191	0.00	43.9346	-21.9603	1	292.399994	292.690002
2020-02-05 15:38:39.110	0.00	43.7887	-21.9612	1	292.399994	292.679993
2020-02-05 15:38:40.036	0.00	43.7952	-21.9587	1	292.410004	292.679993
2020-02-05 15:38:40.987	0.00	43.7057	-21.9592	1	292.399994	292.679993
2020-02-05 15:38:41.923	0.00	43.7577	-21.9649	1	292.420013	292.679993
2020-02-05 15:38:42.870	0.00	43.7487	-21.9651	1	292.420013	292.679993
2020-02-05 15:38:43.800	0.00	43.7908	-21.9656	1	292.410004	292.670013
2020-02-05 15:38:44.773	0.00	43.7147	-21.9613	1	292.410004	292.690002
2020-02-05 15:38:45.701	0.00	43.6261	-21.9609	1	292.410004	292.670013
2020-02-05 15:38:46.611	0.00	43.7151	-21.9627	1	292.410004	292.679993
2020-02-05 15:38:47.561	0.00	43.7137	-21.9609	1	292.420013	292.679993
2020-02-05 15:38:48.476	0.00	43.7213	-21.9610	1	292.420013	292.670013
2020-02-05 15:38:49.449	0.00	43.7244	-21.9613	1	292.420013	292.690002
2020-02-05 15:38:50.406	0.00	43.6518	-21.9627	1	292.420013	292.679993
2020-02-05 15:38:51.330	0.00	43.7019	-21.9637	1	292.410004	292.670013
2020-02-05 15:38:52.295	0.00	43.7176	-21.9593	1	292.420013	292.670013
2020-02-05 15:38:53.222	0.00	43.7754	-21.9592	1	292.420013	292.679993
2020-02-05 15:38:54.164	0.00	43.8076	-21.9627	1	292.410004	292.670013
2020-02-05 15:38:55.115	0.00	43.7629	-21.9619	1	292.420013	292.670013
2020-02-05 15:38:56.077	0.00	43.7531	-21.9623	1	292.420013	292.690002
2020-02-05 15:38:57.007	0.00	43.7086	-21.9617	1	292.410004	292.670013
2020-02-05 15:38:57.928	0.00	43.7713	-21.9593	1	292.420013	292.679993
2020-02-05 15:38:58.864	0.00	43.8552	-21.9610	1	292.429993	292.679993
2020-02-05 15:38:59.817	0.00	43.8779	-21.9611	1	292.420013	292.679993
2020-02-05 15:39:00.765	0.00	44.0529	-21.9654	1	292.429993	292.690002
2020-02-05 15:39:01.711	0.00	44.0258	-21.9652	1	292.410004	292.679993
2020-02-05 15:39:02.640	0.00	44.0763	-21.9663	1	292.429993	292.679993
2020-02-05 15:39:03.571	0.00	44.0425	-21.9653	1	292.420013	292.690002
2020-02-05 15:39:04.533	0.00	43.9491	-21.9627	1	292.420013	292.679993
2020-02-05 15:39:05.477	0.00	43.9878	-21.9618	1	292.440002	292.690002
2020-02-05 15:39:06.412	0.00	43.9413	-21.9619	1	292.420013	292.679993
2020-02-05 15:39:07.362	0.00	43.9313	-21.9635	1	292.420013	292.679993
2020-02-05 15:39:08.314	0.00	43.9191	-21.9637	1	292.440002	292.670013
2020-02-05 15:39:09.251	0.00	43.7851	-21.9617	1	292.420013	292.690002
2020-02-05 15:39:10.183	0.00	43.7790	-21.9654	1	292.440002	292.679993
2020-02-05 15:39:11.134	0.00	43.8123	-21.9646	1	292.440002	292.679993
2020-02-05 15:39:12.058	0.00	43.8864	-21.9689	1	292.450012	292.679993
2020-02-05 15:39:12.999	0.00	43.9493	-21.9702	1	292.429993	292.679993
2020-02-05 15:39:13.946	0.00	43.9201	-21.9707	1	292.440002	292.679993
2020-02-05 15:39:14.882	0.00	43.9706	-21.9703	1	292.450012	292.679993
2020-02-05 15:39:15.806	0.00	43.8048	-21.9636	1	292.470001	292.690002
2020-02-05 15:39:16.755	0.00	43.8283	-21.9647	1	292.450012	292.690002
2020-02-05 15:39:17.697	0.00	43.7864	-21.9649	1	292.450012	292.679993
2020-02-05 15:39:18.658	0.00	43.8625	-21.9673	1	292.440002	292.670013
2020-02-05 15:39:19.546	0.00	43.8788	-21.9663	1	292.440002	292.679993
2020-02-05 15:39:20.495	0.00	43.8251	-21.9679	1	292.440002	292.690002
2020-02-05 15:39:21.446	0.00	43.8674	-21.9678	1	292.450012	292.690002
2020-02-05 15:39:22.370	0.00	43.8685	-21.9715	1	292.459991	292.690002
2020-02-05 15:39:23.334	0.00	43.9560	-21.9711	1	292.470001	292.690002
2020-02-05 15:39:24.271	0.00	43.9029	-21.9689	1	292.470001	292.690002
2020-02-05 15:39:25.204	0.00	43.8268	-21.9719	1	292.470001	292.690002
2020-02-05 15:39:26.157	0.00	43.9083	-21.9719	1	292.470001	292.700012
2020-02-05 15:39:27.098	0.00	43.8403	-21.9698	1	292.459991	292.690002
2020-02-05 15:39:28.038	0.00	43.8906	-21.9719	1	292.470001	292.700012
2020-02-05 15:39:28.963	0.00	43.8068	-21.9720	1	292.470001	292.679993
2020-02-05 15:39:29.904	0.00	43.7802	-21.9711	1	292.470001	292.690002
2020-02-05 15:39:30.839	0.00	43.7720	-21.9715	1	292.470001	292.690002
2020-02-05 15:39:31.782	0.00	43.7256	-21.9704	1	292.470001	292.679993
2020-02-05 15:39:32.739	0.00	43.7999	-21.9744	1	292.459991	292.679993
2020-02-05 15:39:33.685	0.00	43.7308	-21.9761	1	292.480011	292.690002
2020-02-05 15:39:34.627	0.00	43.7120	-21.9786	1	292.470001	292.690002
2020-02-05 15:39:35.568	0.00	43.6991	-21.9817	1	292.480011	292.679993
2020-02-05 15:39:36.490	0.00	43.6429	-21.9782	1	292.470001	292.700012
2020-02-05 15:39:37.429	0.00	43.6810	-21.9744	1	292.480011	292.700012
2020-02-05 15:39:38.342	0.00	43.5868	-21.9760	1	292.470001	292.690002
2020-02-05 15:39:39.317	0.00	43.6266	-21.9805	1	292.480011	292.670013
2020-02-05 15:39:40.281	0.00	43.5457	-21.9793	1	292.470001	292.690002
2020-02-05 15:39:41.195	0.00	43.4817	-21.9783	1	292.489990	292.709991
2020-02-05 15:39:42.135	0.00	43.5012	-21.9808	1	292.489990	292.690002
2020-02-05 15:39:43.115	0.00	43.4888	-21.9805	1	292.500000	292.690002
2020-02-05 15:39:44.000	0.00	43.5801	-21.9799	1	292.480011	292.690002
2020-02-05 15:39:44.980	0.00	43.5843	-21.9777	1	292.480011	292.700012
2020-02-05 15:39:45.908	0.00	43.6233	-21.9800	1	292.489990	292.690002
2020-02-05 15:39:46.845	0.00	43.6450	-21.9787	1	292.489990	292.690002
2020-02-05 15:39:47.789	0.00	43.5435	-21.9785	1	292.489990	292.690002
2020-02-05 15:39:48.731	0.00	43.5623	-21.9806	1	292.480011	292.690002
2020-02-05 15:39:49.656	0.00	43.4944	-21.9790	1	292.489990	292.690002
2020-02-05 15:39:50.596	0.00	43.5349	-21.9828	1	292.519989	292.690002
2020-02-05 15:39:51.530	0.00	43.4145	-21.9836	1	292.510010	292.690002
2020-02-05 15:39:52.442	0.00	43.4747	-21.9841	1	292.510010	292.690002
2020-02-05 15:39:53.398	0.00	43.3751	-21.9795	1	292.510010	292.690002
2020-02-05 15:39:54.313	0.00	43.3650	-21.9811	1	292.519989	292.690002
2020-02-05 15:39:55.247	0.00	43.3452	-21.9795	1	292.519989	292.690002
2020-02-05 15:39:56.197	0.00	43.3184	-21.9755	1	292.519989	292.700012
2020-02-05 15:39:57.153	0.00	43.3349	-21.9787	1	292.519989	292.690002
2020-02-05 15:39:58.079	0.00	43.2946	-21.9815	1	292.529999	292.700012
2020-02-05 15:39:59.021	0.00	43.3000	-21.9837	1	292.519989	292.709991
2020-02-05 15:39:59.944	0.00	43.1985	-21.9853	1	292.529999	292.709991
2020-02-05 15:40:00.881	0.00	43.2009	-21.9848	1	292.529999	292.679993
2020-02-05 15:40:01.822	0.00	43.2311	-21.9876	1	292.529999	292.690002
2020-02-05 15:40:02.734	0.00	43.2604	-21.9882	1	292.529999	292.700012
2020-02-05 15:40:03.693	0.00	43.2901	-21.9881	1	292.529999	292.709991
2020-02-05 15:40:04.627	0.00	43.2101	-21.9881	1	292.519989	292.709991
2020-02-05 15:40:05.579	0.00	43.2652	-21.9877	1	292.529999	292.709991
2020-02-05 15:40:06.529	0.00	43.1282	-21.9895	1	292.529999	292.679993
2020-02-05 15:40:07.433	0.00	43.2294	-21.9886	1	292.519989	292.700012
2020-02-05 15:40:08.380	0.00	43.0868	-21.9912	1	292.540009	292.700012
2020-02-05 15:40:09.319	0.00	43.2092	-21.9910	1	292.529999	292.709991
2020-02-05 15:40:10.242	0.00	43.1491	-21.9889	1	292.529999	292.700012
2020-02-05 15:40:11.200	0.00	43.1991	-21.9870	1	292.510010	292.690002
2020-02-05 15:40:12.111	0.00	43.3086	-21.9894	1	292.540009	292.709991
2020-02-05 15:40:13.056	0.00	43.2556	-21.9898	1	292.519989	292.690002
2020-02-05 15:40:14.010	0.00	43.3109	-21.9880	1	292.540009	292.709991
2020-02-05 15:40:14.938	0.00	43.2574	-21.9930	1	292.529999	292.690002
2020-02-05 15:40:15.934	0.00	43.2433	-21.9938	1	292.540009	292.700012
2020-02-05 15:40:16.818	0.00	43.3309	-21.9932	1	292.540009	292.700012
2020-02-05 15:40:17.744	0.00	43.2794	-21.9900	1	292.540009	292.679993
2020-02-05 15:40:18.735	0.00	43.3095	-21.9913	1	292.529999	292.709991
2020-02-05 15:40:19.652	0.00	43.3511	-21.9895	1	292.559998	292.700012
2020-02-05 15:40:20.588	0.00	43.3859	-21.9898	1	292.549988	292.709991
2020-02-05 15:40:21.557	0.00	43.4912	-21.9884	1	292.540009	292.709991
2020-02-05 15:40:22.498	0.00	43.4048	-21.9888	1	292.540009	292.700012
2020-02-05 15:40:23.423	0.00	43.4760	-21.9871	1	292.529999	292.709991
2020-02-05 15:40:24.350	0.00	43.3942	-21.9881	1	292.540009	292.709991
2020-02-05 15:40:25.299	0.00	43.4459	-21.9899	1	292.559998	292.700012
2020-02-05 15:40:26.222	0.00	43.3524	-21.9868	1	292.540009	292.679993
2020-02-05 15:40:27.169	0.00	43.4221	-21.9870	1	292.559998	292.700012
2020-02-05 15:40:28.121	0.00	43.5089	-21.9915	1	292.549988	292.709991
2020-02-05 15:40:29.047	0.00	43.4918	-21.9948	1	292.549988	292.700012
2020-02-05 15:40:29.983	0.00	43.5679	-21.9948	1	292.540009	292.709991
2020-02-05 15:40:30.947	0.00	43.5097	-21.9910	1	292.549988	292.709991
2020-02-05 15:40:31.840	0.00	43.5886	-21.9904	1	292.549988	292.700012
2020-02-05 15:40:32.797	0.00	43.5595	-21.9885	1	292.559998	292.700012
2020-02-05 15:40:33.767	0.00	43.5119	-21.9899	1	292.549988	292.700012
2020-02-05 15:40:34.674	0.00	43.5822	-21.9914	1	292.549988	292.690002
2020-02-05 15:40:35.631	0.00	43.4863	-21.9891	1	292.540009	292.700012
2020-02-05 15:40:36.560	0.00	43.4716	-21.9903	1	292.559998	292.700012
2020-02-05 15:40:37.498	0.00	43.4194	-21.9908	1	292.549988	292.709991
2020-02-05 15:40:38.452	0.00	43.3470	-21.9907	1	292.540009	292.730011
2020-02-05 15:40:39.380	0.00	43.2569	-21.9894	1	292.559998	292.709991
2020-02-05 15:40:40.316	0.00	43.1162	-21.9869	1	292.549988	292.709991
2020-02-05 15:40:41.255	0.00	43.1656	-21.9879	1	292.549988	292.709991
2020-02-05 15:40:42.182	0.00	43.1106	-21.9891	1	292.559998	292.720001
2020-02-05 15:40:43.161	0.00	43.0974	-21.9868	1	292.549988	292.700012
2020-02-05 15:40:44.084	0.00	43.1900	-21.9935	1	292.559998	292.720001
2020-02-05 15:40:45.018	0.00	43.1299	-21.9899	1	292.559998	292.709991
2020-02-05 15:40:45.998	0.00	43.1830	-21.9890	1	292.559998	292.700012
2020-02-05 15:40:46.907	0.00	43.0538	-21.9873	1	292.559998	292.700012
2020-02-05 15:40:47.852	0.00	43.0428	-21.9886	1	292.559998	292.720001
2020-02-05 15:40:48.786	0.00	43.0722	-21.9904	1	292.559998	292.709991
2020-02-05 15:40:49.704	0.00	43.0735	-21.9903	1	292.570007	292.709991
2020-02-05 15:40:50.626	0.00	43.1160	-21.9894	1	292.559998	292.709991
2020-02-05 15:40:51.605	0.00	43.0754	-21.9899	1	292.579987	292.709991
2020-02-05 15:40:52.526	0.00	43.0454	-21.9913	1	292.559998	292.709991
2020-02-05 15:40:53.488	0.00	42.9499	-21.9893	1	292.559998	292.730011
2020-02-05 15:40:54.408	0.00	43.0595	-21.9900	1	292.559998	292.709991
2020-02-05 15:40:55.334	0.00	43.0392	-21.9904	1	292.559998	292.730011
2020-02-05 15:40:56.285	0.00	42.9584	-21.9920	1	292.579987	292.709991
2020-02-05 15:40:57.237	0.00	42.9111	-21.9944	1	292.570007	292.709991
2020-02-05 15:40:58.166	0.00	42.7884	-21.9931	1	292.570007	292.709991
2020-02-05 15:40:59.105	0.00	42.8494	-21.9940	1	292.570007	292.720001
2020-02-05 15:41:00.038	0.00	42.7526	-21.9965	1	292.570007	292.709991
2020-02-05 15:41:00.998	0.00	42.7244	-21.9948	1	292.559998	292.700012
2020-02-05 15:41:01.950	0.00	42.7603	-22.0000	1	292.570007	292.709991
2020-02-05 15:41:02.883	0.00	42.6750	-21.9982	1	292.559998	292.709991
2020-02-05 15:41:03.833	0.00	42.7463	-21.9980	1	292.559998	292.720001
2020-02-05 15:41:04.778	0.00	42.6763	-21.9948	1	292.570007	292.709991
2020-02-05 15:41:05.709	0.00	42.7470	-21.9950	1	292.559998	292.700012
2020-02-05 15:41:06.647	0.00	42.7974	-21.9942	1	292.559998	292.700012
2020-02-05 15:41:07.588	0.00	42.7224	-21.9944	1	292.559998	292.709991
2020-02-05 15:41:08.521	0.00	42.8937	-21.9941	1	292.559998	292.709991
2020-02-05 15:41:09.471	0.00	42.9215	-21.9974	1	292.559998	292.709991
2020-02-05 15:41:10.427	0.00	42.9115	-21.9978	1	292.559998	292.700012
2020-02-05 15:41:11.344	0.00	43.0078	-21.9980	1	292.559998	292.709991
2020-02-05 15:41:12.316	0.00	42.9370	-21.9984	1	292.549988	292.700012
2020-02-05 15:41:13.232	0.00	42.8899	-21.9960	1	292.570007	292.709991
2020-02-05 15:41:14.178	0.00	42.8219	-21.9977	1	292.570007	292.709991
2020-02-05 15:41:15.137	0.00	42.7422	-22.0004	1	292.570007	292.709991
2020-02-05 15:41:16.065	0.00	42.7914	-21.9999	1	292.579987	292.700012
2020-02-05 15:41:16.991	0.00	42.7197	-21.9978	1	292.579987	292.709991
2020-02-05 15:41:17.932	0.00	42.8167	-21.9974	1	292.570007	292.709991
2020-02-05 15:41:18.860	0.00	42.8100	-22.0002	1	292.570007	292.709991
2020-02-05 15:41:19.795	0.00	42.9339	-22.0012	1	292.559998	292.709991
2020-02-05 15:41:20.734	0.00	42.8715	-22.0021	1	292.570007	292.709991
2020-02-05 15:41:21.668	0.00	42.9361	-22.0044	1	292.570007	292.709991
2020-02-05 15:41:22.577	0.00	42.8823	-22.0065	1	292.579987	292.709991
2020-02-05 15:41:23.539	0.00	42.9541	-22.0029	1	292.570007	292.709991
2020-02-05 15:41:24.487	0.00	42.9228	-22.0035	1	292.570007	292.709991
2020-02-05 15:41:25.399	0.00	42.9100	-22.0038	1	292.570007	292.709991
2020-02-05 15:41:26.351	0.00	42.9991	-22.0017	1	292.559998	292.720001
2020-02-05 15:41:27.288	0.00	43.0043	-22.0019	1	292.570007	292.709991
2020-02-05 15:41:28.212	0.00	43.0424	-22.0031	1	292.570007	292.720001
2020-02-05 15:41:29.162	0.00	43.0575	-22.0032	1	292.559998	292.700012
2020-02-05 15:41:30.087	0.00	43.1077	-22.0001	1	292.559998	292.720001
2020-02-05 15:41:31.041	0.00	42.9992	-21.9984	1	292.570007	292.709991
2020-02-05 15:41:31.959	0.00	42.9246	-21.9988	1	292.570007	292.709991
2020-02-05 15:41:32.876	0.00	42.8337	-21.9960	1	292.570007	292.720001
2020-02-05 15:41:33.840	0.00	42.7527	-21.9931	1	292.570007	292.720001
2020-02-05 15:41:34.805	0.00	42.7946	-21.9965	1	292.559998	292.709991
2020-02-05 15:41:35.730	0.00	42.6888	-21.9996	1	292.549988	292.720001
2020-02-05 15:41:36.666	0.00	42.7103	-22.0018	1	292.570007	292.720001
2020-02-05 15:41:37.598	0.00	42.6439	-21.9994	1	292.570007	292.720001
2020-02-05 15:41:38.566	0.00	42.5952	-21.9974	1	292.559998	292.690002
2020-02-05 15:41:39.494	0.00	42.5938	-22.0006	1	292.570007	292.709991
2020-02-05 15:41:40.447	0.00	42.5100	-21.9951	1	292.559998	292.709991
2020-02-05 15:41:41.389	0.00	42.5506	-21.9962	1	292.570007	292.720001
2020-02-05 15:41:42.305	0.00	42.5004	-22.0001	1	292.549988	292.730011
2020-02-05 15:41:43.264	0.00	42.4948	-22.0005	1	292.559998	292.709991
2020-02-05 15:41:44.160	0.00	42.5289	-22.0022	1	292.559998	292.720001
2020-02-05 15:41:45.131	0.00	42.4766	-22.0003	1	292.559998	292.709991
2020-02-05 15:41:46.077	0.00	42.5598	-21.9986	1	292.549988	292.709991
2020-02-05 15:41:47.022	0.00	42.4702	-21.9988	1	292.559998	292.709991
2020-02-05 15:41:47.961	0.00	42.5638	-22.0020	1	292.549988	292.700012
2020-02-05 15:41:48.902	0.00	42.5960	-22.0015	1	292.559998	292.709991
2020-02-05 15:41:49.820	0.00	42.5247	-22.0040	1	292.559998	292.709991
2020-02-05 15:41:50.778	0.00	42.5566	-22.0038	1	292.559998	292.720001
2020-02-05 15:41:51.715	0.00	42.5346	-22.0012	1	292.559998	292.709991
2020-02-05 15:41:52.643	0.00	42.5820	-21.9995	1	292.559998	292.709991
2020-02-05 15:41:53.580	0.00	42.6029	-22.0038	1	292.559998	292.709991
2020-02-05 15:41:54.519	0.00	42.6279	-22.0017	1	292.559998	292.709991
2020-02-05 15:41:55.473	0.00	42.6239	-22.0014	1	292.559998	292.709991
2020-02-05 15:41:56.420	0.00	42.5317	-21.9984	1	292.540009	292.709991
2020-02-05 15:41:57.345	0.00	42.5969	-22.0018	1	292.549988	292.709991
2020-02-05 15:41:58.281	0.00	42.5069	-21.9986	1	292.559998	292.709991
2020-02-05 15:41:59.204	0.00	42.6138	-21.9945	1	292.540009	292.720001
2020-02-05 15:42:00.167	0.00	42.6439	-21.9934	1	292.559998	292.720001
2020-02-05 15:42:01.121	0.00	42.6890	-21.9936	1	292.549988	292.720001
2020-02-05 15:42:02.037	0.00	42.8051	-21.9973	1	292.540009	292.709991
2020-02-05 15:42:02.994	0.00	42.7722	-21.9964	1	292.549988	292.709991
2020-02-05 15:42:03.932	0.00	42.6689	-21.9977	1	292.540009	292.709991
2020-02-05 15:42:04.847	0.00	42.5289	-21.9924	1	292.540009	292.709991
2020-02-05 15:42:05.793	0.00	42.4579	-21.9906	1	292.540009	292.709991
2020-02-05 15:42:06.733	0.00	42.4221	-21.9915	1	292.540009	292.709991
2020-02-05 15:42:07.688	0.00	42.3299	-21.9939	1	292.559998	292.720001
2020-02-05 15:42:08.604	0.00	42.4346	-21.9936	1	292.540009	292.700012
2020-02-05 15:42:09.545	0.00	42.3096	-21.9983	1	292.529999	292.730011
2020-02-05 15:42:10.501	0.00	42.2959	-21.9956	1	292.540009	292.709991
2020-02-05 15:42:11.435	0.00	42.1889	-21.9886	1	292.549988	292.720001
2020-02-05 15:42:12.373	0.00	42.0564	-21.9882	1	292.540009	292.730011
2020-02-05 15:42:13.319	0.00	42.0069	-21.9881	1	292.540009	292.709991
2020-02-05 15:42:14.245	0.00	41.9555	-21.9816	1	292.540009	292.700012
2020-02-05 15:42:15.214	0.00	42.0037	-21.9851	1	292.540009	292.709991
2020-02-05 15:42:16.149	0.00	41.9742	-21.9824	1	292.540009	292.709991
2020-02-05 15:42:17.097	0.00	41.9260	-21.9842	1	292.540009	292.700012
2020-02-05 15:42:18.030	0.00	41.9820	-21.9857	1	292.540009	292.700012
2020-02-05 15:42:18.960	0.00	41.8885	-21.9870	1	292.540009	292.720001
2020-02-05 15:42:19.909	0.00	41.8939	-21.9910	1	292.540009	292.720001
2020-02-05 15:42:20.847	0.00	41.8366	-21.9919	1	292.529999	292.730011
2020-02-05 15:42:21.807	0.00	41.8183	-21.9911	1	292.519989	292.709991
2020-02-05 15:42:22.722	0.00	41.9290	-21.9963	1	292.540009	292.709991
2020-02-05 15:42:23.668	0.00	41.8932	-21.9931	1	292.529999	292.720001
2020-02-05 15:42:24.620	0.00	41.9264	-21.9905	1	292.540009	292.730011
2020-02-05 15:42:25.534	0.00	41.8934	-21.9901	1	292.519989	292.709991
2020-02-05 15:42:26.514	0.00	41.9250	-21.9914	1	292.540009	292.709991
2020-02-05 15:42:27.439	0.00	41.8794	-21.9865	1	292.529999	292.709991
2020-02-05 15:42:28.372	0.00	41.7954	-21.9909	1	292.529999	292.709991
2020-02-05 15:42:29.326	0.00	41.8443	-21.9905	1	292.519989	292.709991
2020-02-05 15:42:30.270	0.00	41.8101	-21.9899	1	292.519989	292.709991
2020-02-05 15:42:31.199	0.00	41.8302	-21.9893	1	292.519989	292.709991
2020-02-05 15:42:32.152	0.00	41.8301	-21.9939	1	292.519989	292.709991
2020-02-05 15:42:33.081	0.00	41.8128	-21.9895	1	292.519989	292.709991
2020-02-05 15:42:34.049	0.00	41.9173	-21.9911	1	292.510010	292.709991
2020-02-05 15:42:34.953	0.00	41.8385	-21.9902	1	292.510010	292.709991
2020-02-05 15:42:35.892	0.00	41.8886	-21.9948	1	292.510010	292.700012
2020-02-05 15:42:36.893	0.00	41.9688	-21.9940	1	292.510010	292.709991
2020-02-05 15:42:37.778	0.00	41.9555	-21.9883	1	292.510010	292.709991
2020-02-05 15:42:38.724	0.00	42.0618	-21.9924	1	292.510010	292.700012
2020-02-05 15:42:39.656	0.00	42.0198	-21.9925	1	292.510010	292.720001
2020-02-05 15:42:40.636	0.00	42.0997	-21.9991	1	292.529999	292.709991
2020-02-05 15:42:41.560	0.00	42.0551	-22.0003	1	292.519989	292.720001
2020-02-05 15:42:42.498	0.00	42.0575	-21.9907	1	292.500000	292.709991
2020-02-05 15:42:43.451	0.00	42.1042	-21.9902	1	292.519989	292.700012
2020-02-05 15:42:44.363	0.00	42.0051	-21.9923	1	292.500000	292.700012
2020-02-05 15:42:45.336	0.00	42.0230	-21.9905	1	292.519989	292.720001
2020-02-05 15:42:46.270	0.00	42.0208	-21.9932	1	292.510010	292.709991
2020-02-05 15:42:47.197	0.00	41.8765	-21.9912	1	292.519989	292.700012
2020-02-05 15:42:48.152	0.00	42.0008	-21.9880	1	292.500000	292.720001
2020-02-05 15:42:49.097	0.00	41.9981	-21.9887	1	292.500000	292.700012
2020-02-05 15:42:50.035	0.00	42.0488	-21.9876	1	292.510010	292.709991
2020-02-05 15:42:50.980	0.00	42.0494	-21.9900	1	292.489990	292.720001
2020-02-05 15:42:51.901	0.00	42.0177	-21.9891	1	292.489990	292.700012
2020-02-05 15:42:52.865	0.00	42.0138	-21.9935	1	292.500000	292.709991
2020-02-05 15:42:53.779	0.00	41.8972	-21.9901	1	292.500000	292.709991
2020-02-05 15:42:54.759	0.00	41.9219	-21.9905	1	292.489990	292.709991
2020-02-05 15:42:55.684	0.00	41.9128	-21.9908	1	292.489990	292.709991
2020-02-05 15:42:56.625	0.00	41.9216	-21.9898	1	292.489990	292.709991
2020-02-05 15:42:57.573	0.00	41.9609	-21.9974	1	292.489990	292.709991
2020-02-05 15:42:58.506	0.00	41.8748	-21.9863	1	292.489990	292.709991
2020-02-05 15:42:59.485	0.00	41.8647	-21.9916	1	292.500000	292.709991
2020-02-05 15:43:00.393	0.00	41.8455	-21.9860	1	292.489990	292.700012
2020-02-05 15:43:01.342	0.00	41.7449	-21.9876	1	292.489990	292.709991
2020-02-05 15:43:02.274	0.00	41.7976	-21.9908	1	292.480011	292.700012
2020-02-05 15:43:03.212	0.00	41.7622	-21.9894	1	292.480011	292.709991
2020-02-05 15:43:04.161	0.00	41.8255	-21.9916	1	292.480011	292.700012
2020-02-05 15:43:05.115	0.00	41.8694	-21.9908	1	292.480011	292.700012
2020-02-05 15:43:06.060	0.00	41.8264	-21.9874	1	292.470001	292.700012
2020-02-05 15:43:06.975	0.00	41.8866	-21.9886	1	292.470001	292.700012
2020-02-05 15:43:07.940	0.00	41.8532	-21.9826	1	292.470001	292.709991
2020-02-05 15:43:08.886	0.00	41.9094	-21.9842	1	292.470001	292.709991
2020-02-05 15:43:09.808	0.00	41.9539	-21.9875	1	292.489990	292.720001
2020-02-05 15:43:10.764	0.00	41.9819	-21.9869	1	292.470001	292.709991
2020-02-05 15:43:11.703	0.00	42.1115	-21.9868	1	292.470001	292.700012
2020-02-05 15:43:12.638	0.00	42.1227	-21.9825	1	292.480011	292.709991
2020-02-05 15:43:13.598	0.00	42.1957	-21.9833	1	292.470001	292.700012
2020-02-05 15:43:14.527	0.00	42.2113	-21.9828	1	292.470001	292.709991
2020-02-05 15:43:15.487	0.00	42.1895	-21.9836	1	292.470001	292.709991
2020-02-05 15:43:16.417	0.00	42.1717	-21.9806	1	292.470001	292.709991
2020-02-05 15:43:17.352	0.00	42.0355	-21.9821	1	292.470001	292.700012
2020-02-05 15:43:18.293	0.00	42.0803	-21.9818	1	292.470001	292.690002
2020-02-05 15:43:19.233	0.00	42.0723	-21.9807	1	292.470001	292.700012
2020-02-05 15:43:20.193	0.00	42.0316	-21.9828	1	292.459991	292.700012
2020-02-05 15:43:21.110	0.00	42.1725	-21.9874	1	292.470001	292.700012
2020-02-05 15:43:22.052	0.00	42.1032	-21.9883	1	292.470001	292.700012
2020-02-05 15:43:23.003	0.00	42.0805	-21.9892	1	292.470001	292.700012
2020-02-05 15:43:23.909	0.00	42.0906	-21.9908	1	292.470001	292.700012
2020-02-05 15:43:24.914	0.00	41.9855	-21.9892	1	292.450012	292.700012
2020-02-05 15:43:25.824	0.00	42.0780	-21.9936	1	292.459991	292.709991
2020-02-05 15:43:26.746	0.00	42.0336	-21.9848	1	292.470001	292.709991
2020-02-05 15:43:27.696	0.00	42.1728	-21.9844	1	292.459991	292.700012
2020-02-05 15:43:28.637	0.00	42.1695	-21.9841	1	292.470001	292.700012
2020-02-05 15:43:29.587	0.00	42.1325	-21.9791	1	292.450012	292.700012
2020-02-05 15:43:30.547	0.00	42.2068	-21.9805	1	292.470001	292.700012
2020-02-05 15:43:31.460	0.00	42.1175	-21.9860	1	292.470001	292.700012
2020-02-05 15:43:32.429	0.00	42.1679	-21.9819	1	292.459991	292.709991
2020-02-05 15:43:33.363	0.00	42.2477	-21.9810	1	292.450012	292.720001
2020-02-05 15:43:34.315	0.00	42.2688	-21.9842	1	292.470001	292.690002
2020-02-05 15:43:35.223	0.00	42.4312	-21.9842	1	292.450012	292.709991
2020-02-05 15:43:36.144	0.00	42.3774	-21.9833	1	292.459991	292.690002
2020-02-05 15:43:37.121	0.00	42.4533	-21.9839	1	292.450012	292.700012
2020-02-05 15:43:38.067	0.00	42.5029	-21.9795	1	292.459991	292.709991
2020-02-05 15:43:39.022	0.00	42.4797	-21.9795	1	292.470001	292.700012
2020-02-05 15:43:39.944	0.00	42.5402	-21.9791	1	292.450012	292.700012
2020-02-05 15:43:40.890	0.00	42.3958	-21.9799	1	292.450012	292.700012
2020-02-05 15:43:41.814	0.00	42.4366	-21.9766	1	292.440002	292.700012
2020-02-05 15:43:42.742	0.00	42.3969	-21.9733	1	292.450012	292.709991
2020-02-05 15:43:43.671	0.00	42.4624	-21.9745	1	292.450012	292.700012
2020-02-05 15:43:44.641	0.00	42.5150	-21.9760	1	292.450012	292.700012
2020-02-05 15:43:45.586	0.00	42.4326	-21.9755	1	292.450012	292.690002
2020-02-05 15:43:46.528	0.00	42.4413	-21.9754	1	292.440002	292.700012
2020-02-05 15:43:47.463	0.00	42.3454	-21.9719	1	292.450012	292.700012
2020-02-05 15:43:48.390	0.00	42.3929	-21.9725	1	292.450012	292.690002
2020-02-05 15:43:49.358	0.00	42.3314	-21.9753	1	292.440002	292.709991
2020-02-05 15:43:50.261	0.00	42.2192	-21.9697	1	292.440002	292.700012
2020-02-05 15:43:51.238	0.00	42.1944	-21.9737	1	292.450012	292.700012
2020-02-05 15:43:52.160	0.00	42.1154	-21.9692	1	292.450012	292.700012
2020-02-05 15:43:53.099	0.00	42.1091	-21.9735	1	292.450012	292.700012
2020-02-05 15:43:54.065	0.00	42.0933	-21.9719	1	292.440002	292.709991
2020-02-05 15:43:54.993	0.00	42.1918	-21.9727	1	292.450012	292.700012
2020-02-05 15:43:55.965	0.00	42.3134	-21.9714	1	292.440002	292.700012
2020-02-05 15:43:56.859	0.00	42.3275	-21.9749	1	292.440002	292.709991
2020-02-05 15:43:57.806	0.00	42.4125	-21.9727	1	292.440002	292.700012
2020-02-05 15:43:58.773	0.00	42.4475	-21.9728	1	292.450012	292.709991
2020-02-05 15:43:59.692	0.00	42.3369	-21.9703	1	292.440002	292.709991
2020-02-05 15:44:00.653	0.00	42.3519	-21.9681	1	292.440002	292.709991
2020-02-05 15:44:01.574	0.00	42.3237	-21.9690	1	292.440002	292.690002
2020-02-05 15:44:02.509	0.00	42.3228	-21.9700	1	292.440002	292.700012
2020-02-05 15:44:03.463	0.00	42.2304	-21.9710	1	292.440002	292.709991
2020-02-05 15:44:04.403	0.00	42.2360	-21.9696	1	292.440002	292.709991
2020-02-05 15:44:05.362	0.00	42.3291	-21.9693	1	292.440002	292.690002
2020-02-05 15:44:06.281	0.00	42.2838	-21.9658	1	292.420013	292.690002
2020-02-05 15:44:07.204	0.00	42.3207	-21.9699	1	292.429993	292.690002
2020-02-05 15:44:08.168	0.00	42.3024	-21.9801	1	292.440002	292.700012
2020-02-05 15:44:09.115	0.00	42.3490	-21.9829	1	292.429993	292.690002
2020-02-05 15:44:10.066	0.00	42.4028	-21.9788	1	292.440002	292.690002
2020-02-05 15:44:10.988	0.00	42.3863	-21.9740	1	292.429993	292.709991
2020-02-05 15:44:11.924	0.00	42.4764	-21.9774	1	292.440002	292.700012
2020-02-05 15:44:12.865	0.00	42.5222	-21.9711	1	292.420013	292.700012
2020-02-05 15:44:13.825	0.00	42.6076	-21.9695	1	292.429993	292.700012
2020-02-05 15:44:14.770	0.00	42.6745	-21.9703	1	292.429993	292.690002
2020-02-05 15:44:15.674	0.00	42.7272	-21.9728	1	292.440002	292.690002
2020-02-05 15:44:16.629	0.00	42.8282	-21.9715	1	292.429993	292.690002
2020-02-05 15:44:17.572	0.00	42.8051	-21.9724	1	292.440002	292.690002
2020-02-05 15:44:18.534	0.00	42.8206	-21.9698	1	292.420013	292.700012
2020-02-05 15:44:19.468	0.00	42.8404	-21.9672	1	292.420013	292.690002
2020-02-05 15:44:20.432	0.00	42.7396	-21.9663	1	292.420013	292.690002
2020-02-05 15:44:21.351	0.00	42.8079	-21.9689	1	292.420013	292.700012
2020-02-05 15:44:22.304	0.00	42.6961	-21.9654	1	292.420013	292.700012
2020-02-05 15:44:23.194	0.00	42.6004	-21.9672	1	292.420013	292.690002
2020-02-05 15:44:24.187	0.00	42.5735	-21.9751	1	292.420013	292.700012
2020-02-05 15:44:25.108	0.00	42.5477	-21.9768	1	292.420013	292.709991
2020-02-05 15:44:26.070	0.00	42.6303	-21.9803	1	292.410004	292.700012
2020-02-05 15:44:26.985	0.00	42.6185	-21.9691	1	292.410004	292.700012
2020-02-05 15:44:27.933	0.00	42.6694	-21.9679	1	292.410004	292.700012
2020-02-05 15:44:28.883	0.00	42.6844	-21.9779	1	292.420013	292.709991
2020-02-05 15:44:29.815	0.00	42.6461	-21.9742	1	292.420013	292.690002
2020-02-05 15:44:30.766	0.00	42.6471	-21.9736	1	292.429993	292.709991
2020-02-05 15:44:31.707	0.00	42.5623	-21.9812	1	292.420013	292.700012
2020-02-05 15:44:32.650	0.00	42.6230	-21.9776	1	292.420013	292.690002
2020-02-05 15:44:33.621	0.00	42.7215	-21.9775	1	292.420013	292.709991
2020-02-05 15:44:34.521	0.00	42.7258	-21.9693	1	292.429993	292.690002
2020-02-05 15:44:35.458	0.00	42.8386	-21.9734	1	292.410004	292.709991
2020-02-05 15:44:36.424	0.00	42.8433	-21.9733	1	292.410004	292.690002
2020-02-05 15:44:37.336	0.00	42.8797	-21.9679	1	292.399994	292.709991
2020-02-05 15:44:38.286	0.00	42.8321	-21.9690	1	292.420013	292.709991
2020-02-05 15:44:39.234	0.00	42.7853	-21.9672	1	292.410004	292.709991
2020-02-05 15:44:40.184	0.00	42.9456	-21.9658	1	292.410004	292.700012
2020-02-05 15:44:41.113	0.00	42.8388	-21.9701	1	292.410004	292.709991
2020-02-05 15:44:42.061	0.00	42.9639	-21.9717	1	292.399994	292.690002
2020-02-05 15:44:42.992	0.00	42.8684	-21.9672	1	292.420013	292.700012
2020-02-05 15:44:43.916	0.00	42.8155	-21.9808	1	292.410004	292.690002
2020-02-05 15:44:44.871	0.00	42.8447	-21.9876	1	292.420013	292.709991
2020-02-05 15:44:45.801	0.00	42.7457	-21.9887	1	292.410004	292.709991
2020-02-05 15:44:46.742	0.00	42.7634	-21.9798	1	292.410004	292.700012
2020-02-05 15:44:47.671	0.00	42.7229	-21.9691	1	292.410004	292.700012
2020-02-05 15:44:48.624	0.00	42.7487	-21.9730	1	292.410004	292.690002
2020-02-05 15:44:49.576	0.00	42.6954	-21.9738	1	292.410004	292.700012
2020-02-05 15:44:50.481	0.00	42.7476	-21.9734	1	292.410004	292.690002
2020-02-05 15:44:51.420	0.00	42.7607	-21.9762	1	292.420013	292.720001
2020-02-05 15:44:52.373	0.00	42.7739	-21.9842	1	292.399994	292.700012
2020-02-05 15:44:53.332	0.00	42.8105	-21.9755	1	292.410004	292.700012
2020-02-05 15:44:54.232	0.00	42.7536	-21.9690	1	292.420013	292.679993
2020-02-05 15:44:55.189	0.00	42.7146	-21.9693	1	292.410004	292.700012
2020-02-05 15:44:56.142	0.00	42.7010	-21.9725	1	292.410004	292.700012
2020-02-05 15:44:57.063	0.00	42.7178	-21.9737	1	292.420013	292.700012
2020-02-05 15:44:58.036	0.00	42.7818	-21.9755	1	292.420013	292.700012
2020-02-05 15:44:58.957	0.00	42.6466	-21.9814	1	292.410004	292.690002
2020-02-05 15:44:59.900	0.00	42.7214	-21.9785	1	292.410004	292.700012
2020-02-05 15:45:00.850	0.00	42.7384	-21.9862	1	292.420013	292.700012
2020-02-05 15:45:01.799	0.00	42.6626	-21.9945	1	292.429993	292.709991
2020-02-05 15:45:02.731	0.00	42.7542	-21.9908	1	292.410004	292.690002
2020-02-05 15:45:03.688	0.00	42.6276	-21.9889	1	292.420013	292.679993
2020-02-05 15:45:04.619	0.00	42.6167	-21.9975	1	292.410004	292.690002
2020-02-05 15:45:05.560	0.00	42.6551	-21.9894	1	292.410004	292.709991
2020-02-05 15:45:06.508	0.00	42.6560	-21.9989	1	292.410004	292.690002
2020-02-05 15:45:07.461	0.00	42.7095	-22.0004	1	292.429993	292.679993
2020-02-05 15:45:08.378	0.00	42.6036	-21.9949	1	292.440002	292.690002
2020-02-05 15:45:09.333	0.00	42.5644	-21.9884	1	292.420013	292.700012
2020-02-05 15:45:10.287	0.00	42.6197	-21.9869	1	292.420013	292.709991
2020-02-05 15:45:11.221	0.00	42.5640	-21.9894	1	292.420013	292.690002
2020-02-05 15:45:12.172	0.00	42.6734	-21.9817	1	292.420013	292.690002
2020-02-05 15:45:13.102	0.00	42.6719	-22.0072	1	292.420013	292.690002
2020-02-05 15:45:14.062	0.00	42.6375	-22.0062	1	292.420013	292.690002
2020-02-05 15:45:14.988	0.00	42.6704	-22.0017	1	292.429993	292.679993
2020-02-05 15:45:15.916	0.00	42.6745	-21.9918	1	292.420013	292.679993
2020-02-05 15:45:16.874	0.00	42.8059	-21.9998	1	292.429993	292.690002
2020-02-05 15:45:17.808	0.00	42.8343	-21.9962	1	292.420013	292.709991
2020-02-05 15:45:18.765	0.00	42.8266	-22.0035	1	292.410004	292.690002
2020-02-05 15:45:19.686	0.00	42.9006	-22.0049	1	292.420013	292.690002
2020-02-05 15:45:20.634	0.00	42.8476	-21.9997	1	292.420013	292.679993
2020-02-05 15:45:21.577	0.00	42.9103	-22.0151	1	292.420013	292.690002
2020-02-05 15:45:22.495	0.00	42.8665	-22.0188	1	292.429993	292.690002
2020-02-05 15:45:23.473	0.00	42.8933	-22.0293	1	292.420013	292.690002
2020-02-05 15:45:24.391	0.00	42.9915	-22.0183	1	292.429993	292.679993
2020-02-05 15:45:25.343	0.00	42.9789	-22.0081	1	292.440002	292.690002
2020-02-05 15:45:26.285	0.00	42.9612	-22.0112	1	292.440002	292.690002
2020-02-05 15:45:27.232	0.00	42.8315	-22.0183	1	292.429993	292.709991
2020-02-05 15:45:28.182	0.00	42.8496	-22.0074	1	292.429993	292.690002
2020-02-05 15:45:29.105	0.00	42.8802	-22.0111	1	292.420013	292.690002
2020-02-05 15:45:30.040	0.00	42.8524	-22.0098	1	292.440002	292.690002
2020-02-05 15:45:30.989	0.00	42.9977	-22.0100	1	292.420013	292.690002
2020-02-05 15:45:31.948	0.00	42.9659	-22.0230	1	292.429993	292.700012
2020-02-05 15:45:32.886	0.00	43.0340	-22.0216	1	292.429993	292.690002
2020-02-05 15:45:33.809	0.00	43.0740	-21.9994	1	292.429993	292.679993
2020-02-05 15:45:34.746	0.00	43.0420	-22.0119	1	292.429993	292.690002
2020-02-05 15:45:35.699	0.00	43.0764	-22.0052	1	292.420013	292.690002
2020-02-05 15:45:36.646	0.00	42.9797	-22.0179	1	292.429993	292.679993
2020-02-05 15:45:37.580	0.00	42.9996	-22.0335	1	292.440002	292.690002
2020-02-05 15:45:38.508	0.00	42.9423	-22.0296	1	292.429993	292.679993
2020-02-05 15:45:39.458	0.00	42.9273	-22.0224	1	292.420013	292.700012
2020-02-05 15:45:40.409	0.00	42.9939	-22.0213	1	292.440002	292.690002
2020-02-05 15:45:41.330	0.00	42.8996	-22.0213	1	292.429993	292.690002
2020-02-05 15:45:42.286	0.00	42.8781	-22.0216	1	292.440002	292.690002
2020-02-05 15:45:43.231	0.00	42.7197	-22.0117	1	292.429993	292.690002
2020-02-05 15:45:44.172	0.00	42.6712	-22.0243	1	292.429993	292.690002
2020-02-05 15:45:45.124	0.00	42.7070	-22.0301	1	292.429993	292.679993
2020-02-05 15:45:46.049	0.00	42.6584	-22.0294	1	292.440002	292.690002
2020-02-05 15:45:47.010	0.00	42.6636	-22.0242	1	292.440002	292.679993
2020-02-05 15:45:47.930	0.00	42.7199	-22.0330	1	292.429993	292.670013
2020-02-05 15:45:48.896	0.00	42.6506	-22.0170	1	292.429993	292.709991
2020-02-05 15:45:49.836	0.00	42.7032	-22.0127	1	292.440002	292.679993
2020-02-05 15:45:50.762	0.00	42.7247	-22.0094	1	292.420013	292.690002
2020-02-05 15:45:51.694	0.00	42.8510	-22.0175	1	292.440002	292.679993
2020-02-05 15:45:52.617	0.00	42.8410	-22.0170	1	292.420013	292.690002
2020-02-05 15:45:53.570	0.00	42.9130	-22.0261	1	292.440002	292.679993
2020-02-05 15:45:54.517	0.00	42.8639	-22.0232	1	292.420013	292.700012
2020-02-05 15:45:55.443	0.00	42.8598	-22.0342	1	292.429993	292.679993
2020-02-05 15:45:56.383	0.00	42.9592	-22.0449	1	292.429993	292.679993
2020-02-05 15:45:57.318	0.00	42.8093	-22.0336	1	292.440002	292.690002
2020-02-05 15:45:58.275	0.00	42.8667	-22.0321	1	292.429993	292.679993
2020-02-05 15:45:59.233	0.00	42.8656	-22.0275	1	292.429993	292.679993
2020-02-05 15:46:00.153	0.00	42.9034	-22.0231	1	292.440002	292.679993
2020-02-05 15:46:01.104	0.00	42.9512	-22.0294	1	292.440002	292.690002
2020-02-05 15:46:02.043	0.00	42.8983	-22.0429	1	292.429993	292.670013
2020-02-05 15:46:02.981	0.00	43.0186	-22.0403	1	292.440002	292.679993
2020-02-05 15:46:03.937	0.00	43.0208	-22.0233	1	292.440002	292.679993
2020-02-05 15:46:04.847	0.00	43.0237	-22.0445	1	292.429993	292.690002
2020-02-05 15:46:05.799	0.00	43.0546	-22.0446	1	292.440002	292.679993
2020-02-05 15:46:06.731	0.00	42.9084	-22.0605	1	292.429993	292.679993
2020-02-05 15:46:07.699	0.00	42.9193	-22.0663	1	292.440002	292.679993
2020-02-05 15:46:08.633	0.00	42.8929	-22.0754	1	292.429993	292.679993
2020-02-05 15:46:09.583	0.00	42.8806	-22.0705	1	292.440002	292.690002
2020-02-05 15:46:10.520	0.00	42.9624	-22.0787	1	292.440002	292.709991
2020-02-05 15:46:11.473	0.00	42.9473	-22.0759	1	292.429993	292.690002
2020-02-05 15:46:12.396	0.00	42.9867	-22.0564	1	292.440002	292.700012
2020-02-05 15:46:13.351	0.00	42.9981	-22.0615	1	292.440002	292.690002
2020-02-05 15:46:14.291	0.00	43.0125	-22.0592	1	292.429993	292.679993
2020-02-05 15:46:15.228	0.00	42.9809	-22.0628	1	292.440002	292.690002
2020-02-05 15:46:16.166	0.00	42.8609	-22.0762	1	292.440002	292.679993
2020-02-05 15:46:17.106	0.00	42.9050	-22.0705	1	292.459991	292.690002
2020-02-05 15:46:18.066	0.00	42.9396	-22.0589	1	292.440002	292.690002
2020-02-05 15:46:18.982	0.00	42.9128	-22.0676	1	292.450012	292.679993
2020-02-05 15:46:19.938	0.00	43.0057	-22.0818	1	292.450012	292.679993
2020-02-05 15:46:20.888	0.00	42.9699	-22.0775	1	292.450012	292.690002
2020-02-05 15:46:21.825	0.00	43.0139	-22.0761	1	292.450012	292.670013
2020-02-05 15:46:22.758	0.00	43.0347	-22.0699	1	292.440002	292.679993
2020-02-05 15:46:23.710	0.00	42.9804	-22.0698	1	292.440002	292.679993
2020-02-05 15:46:24.687	0.00	43.0918	-22.0685	1	292.440002	292.679993
2020-02-05 15:46:25.623	0.00	43.0673	-22.0749	1	292.440002	292.679993
2020-02-05 15:46:26.553	0.00	43.0545	-22.0797	1	292.440002	292.679993
2020-02-05 15:46:27.494	0.00	43.0214	-22.0817	1	292.450012	292.679993
2020-02-05 15:46:28.427	0.00	42.9262	-22.0746	1	292.440002	292.679993
2020-02-05 15:46:29.382	0.00	42.9115	-22.0734	1	292.429993	292.670013
2020-02-05 15:46:30.297	0.00	42.8307	-22.0735	1	292.450012	292.679993
2020-02-05 15:46:31.248	0.00	42.8458	-22.0670	1	292.450012	292.690002
2020-02-05 15:46:32.195	0.00	42.9274	-22.0487	1	292.440002	292.679993
2020-02-05 15:46:33.142	0.00	42.8329	-22.0525	1	292.450012	292.679993
2020-02-05 15:46:34.081	0.00	42.9461	-22.0666	1	292.450012	292.690002
2020-02-05 15:46:35.010	0.00	42.8343	-22.0573	1	292.450012	292.690002
2020-02-05 15:46:35.989	0.00	42.8324	-22.0697	1	292.429993	292.679993
2020-02-05 15:46:36.930	0.00	42.9161	-22.0643	1	292.450012	292.679993
2020-02-05 15:46:37.861	0.00	42.8254	-22.0759	1	292.440002	292.690002
2020-02-05 15:46:38.783	0.00	42.8947	-22.0694	1	292.450012	292.670013
2020-02-05 15:46:39.705	0.00	42.8012	-22.0720	1	292.450012	292.679993
2020-02-05 15:46:40.640	0.00	42.8509	-22.0705	1	292.440002	292.679993
2020-02-05 15:46:41.599	0.00	42.8258	-22.0793	1	292.440002	292.679993
2020-02-05 15:46:42.529	0.00	42.8517	-22.0802	1	292.450012	292.670013
2020-02-05 15:46:43.489	0.00	42.8886	-22.0829	1	292.440002	292.679993
2020-02-05 15:46:44.411	0.00	42.8040	-22.0855	1	292.440002	292.670013
2020-02-05 15:46:45.349	0.00	42.7872	-22.0847	1	292.440002	292.660004
2020-02-05 15:46:46.315	0.00	42.7577	-22.0881	1	292.459991	292.670013
2020-02-05 15:46:47.236	0.00	42.7837	-22.0924	1	292.450012	292.679993
2020-02-05 15:46:48.198	0.00	42.9299	-22.0903	1	292.459991	292.679993
2020-02-05 15:46:49.119	0.00	42.8777	-22.0898	1	292.450012	292.670013
2020-02-05 15:46:50.079	0.00	42.9603	-22.0831	1	292.450012	292.679993
2020-02-05 15:46:51.008	0.00	42.7932	-22.0793	1	292.450012	292.670013
2020-02-05 15:46:51.958	0.00	42.8168	-22.0795	1	292.450012	292.670013
2020-02-05 15:46:52.893	0.00	42.9247	-22.0890	1	292.450012	292.679993
2020-02-05 15:46:53.847	0.00	42.8617	-22.0847	1	292.459991	292.679993
2020-02-05 15:46:54.817	0.00	43.0214	-22.0808	1	292.450012	292.660004
2020-02-05 15:46:55.723	0.00	42.9973	-22.0792	1	292.450012	292.670013
2020-02-05 15:46:56.673	0.00	42.8921	-22.0790	1	292.459991	292.679993
2020-02-05 15:46:57.611	0.00	42.9228	-22.0709	1	292.459991	292.670013
2020-02-05 15:46:58.555	0.00	42.8748	-22.0826	1	292.450012	292.679993
2020-02-05 15:46:59.496	0.00	42.9627	-22.0912	1	292.459991	292.690002
2020-02-05 15:47:00.422	0.00	42.8897	-22.0876	1	292.470001	292.679993
2020-02-05 15:47:01.365	0.00	42.8794	-22.0900	1	292.470001	292.679993
2020-02-05 15:47:02.296	0.00	42.8964	-22.0832	1	292.450012	292.690002
2020-02-05 15:47:03.224	0.00	42.9005	-22.0968	1	292.470001	292.679993
2020-02-05 15:47:04.172	0.00	42.9949	-22.0957	1	292.459991	292.670013
2020-02-05 15:47:05.112	0.00	43.0268	-22.1005	1	292.450012	292.670013
2020-02-05 15:47:06.037	0.00	43.0852	-22.0984	1	292.470001	292.679993
2020-02-05 15:47:06.978	0.00	43.0625	-22.0967	1	292.470001	292.679993
2020-02-05 15:47:07.938	0.00	43.0315	-22.0941	1	292.470001	292.670013
2020-02-05 15:47:08.872	0.00	43.0475	-22.0941	1	292.459991	292.670013
2020-02-05 15:47:09.830	0.00	42.9999	-22.1028	1	292.459991	292.670013
2020-02-05 15:47:10.762	0.00	43.0519	-22.0952	1	292.459991	292.679993
2020-02-05 15:47:11.696	0.00	42.9639	-22.0998	1	292.470001	292.679993
2020-02-05 15:47:12.643	0.00	43.0490	-22.0924	1	292.470001	292.679993
2020-02-05 15:47:13.554	0.00	43.0118	-22.0997	1	292.470001	292.679993
2020-02-05 15:47:14.507	0.00	43.0194	-22.0977	1	292.470001	292.660004
2020-02-05 15:47:15.444	0.00	43.0481	-22.0908	1	292.470001	292.679993
2020-02-05 15:47:16.395	0.00	42.9941	-22.0949	1	292.470001	292.660004
2020-02-05 15:47:17.341	0.00	43.0408	-22.0947	1	292.470001	292.670013
2020-02-05 15:47:18.264	0.00	43.0353	-22.0864	1	292.459991	292.660004
2020-02-05 15:47:19.207	0.00	43.0454	-22.0975	1	292.470001	292.679993
2020-02-05 15:47:20.155	0.00	43.1501	-22.0973	1	292.470001	292.679993
2020-02-05 15:47:21.069	0.00	43.0562	-22.0956	1	292.470001	292.679993
2020-02-05 15:47:22.032	0.00	43.0403	-22.0928	1	292.470001	292.670013
2020-02-05 15:47:22.963	0.00	42.9897	-22.0942	1	292.480011	292.679993
2020-02-05 15:47:23.908	0.00	42.9847	-22.0934	1	292.459991	292.670013
2020-02-05 15:47:24.863	0.00	43.0449	-22.0957	1	292.470001	292.679993
2020-02-05 15:47:25.780	0.00	43.0329	-22.1022	1	292.470001	292.679993
2020-02-05 15:47:26.738	0.00	43.1216	-22.1072	1	292.470001	292.670013
2020-02-05 15:47:27.687	0.00	43.0339	-22.1011	1	292.480011	292.679993
2020-02-05 15:47:28.618	0.00	43.0318	-22.0981	1	292.470001	292.679993
2020-02-05 15:47:29.572	0.00	42.9892	-22.0955	1	292.470001	292.679993
2020-02-05 15:47:30.489	0.00	42.9888	-22.0959	1	292.470001	292.679993
2020-02-05 15:47:31.449	0.00	43.0775	-22.0919	1	292.480011	292.679993
2020-02-05 15:47:32.388	0.00	43.0864	-22.0947	1	292.480011	292.679993
2020-02-05 15:47:33.314	0.00	43.2562	-22.0929	1	292.470001	292.679993
2020-02-05 15:47:34.268	0.00	43.2855	-22.0833	1	292.470001	292.670013
2020-02-05 15:47:35.171	0.00	43.2915	-22.0792	1	292.470001	292.679993
2020-02-05 15:47:36.129	0.00	43.2356	-22.0849	1	292.470001	292.679993
2020-02-05 15:47:37.052	0.00	43.1247	-22.0844	1	292.480011	292.670013
2020-02-05 15:47:38.003	0.00	43.1662	-22.0882	1	292.440002	292.679993
2020-02-05 15:47:38.980	0.00	43.0858	-22.0703	1	292.459991	292.690002
2020-02-05 15:47:39.889	0.00	43.0475	-22.0738	1	292.470001	292.679993
2020-02-05 15:47:40.827	0.00	42.9491	-22.0835	1	292.470001	292.670013
2020-02-05 15:47:41.782	0.00	42.9893	-22.0696	1	292.470001	292.679993
2020-02-05 15:47:42.708	0.00	43.0821	-22.0803	1	292.470001	292.679993
2020-02-05 15:47:43.688	0.00	43.0576	-22.0795	1	292.459991	292.679993
2020-02-05 15:47:44.591	0.00	43.1223	-22.0742	1	292.470001	292.690002
2020-02-05 15:47:45.542	0.00	43.1911	-22.0728	1	292.470001	292.679993
2020-02-05 15:47:46.487	0.00	43.2022	-22.0559	1	292.470001	292.690002
2020-02-05 15:47:47.414	0.00	43.2479	-22.0827	1	292.470001	292.679993
2020-02-05 15:47:48.342	0.00	43.1361	-22.0872	1	292.470001	292.679993
2020-02-05 15:47:49.283	0.00	43.1447	-22.0880	1	292.470001	292.679993
2020-02-05 15:47:50.211	0.00	43.0518	-22.0929	1	292.470001	292.679993
2020-02-05 15:47:51.191	0.00	43.0849	-22.0951	1	292.470001	292.670013
2020-02-05 15:47:52.113	0.00	43.1152	-22.1072	1	292.470001	292.679993
2020-02-05 15:47:53.048	0.00	43.1242	-22.0956	1	292.470001	292.679993
2020-02-05 15:47:54.014	0.00	43.3031	-22.0845	1	292.480011	292.679993
2020-02-05 15:47:54.939	0.00	43.2778	-22.0785	1	292.470001	292.679993
2020-02-05 15:47:55.920	0.00	43.2769	-22.0818	1	292.480011	292.690002
2020-02-05 15:47:56.847	0.00	43.2403	-22.0881	1	292.470001	292.679993
2020-02-05 15:47:57.779	0.00	43.1798	-22.0865	1	292.480011	292.679993
2020-02-05 15:47:58.720	0.00	43.2218	-22.0814	1	292.470001	292.690002
2020-02-05 15:47:59.644	0.00	43.2089	-22.0946	1	292.489990	292.679993
2020-02-05 15:48:00.605	0.00	43.2708	-22.0849	1	292.489990	292.679993
2020-02-05 15:48:01.526	0.00	43.2781	-22.0838	1	292.480011	292.679993
2020-02-05 15:48:02.461	0.00	43.2264	-22.0730	1	292.470001	292.679993
2020-02-05 15:48:03.415	0.00	43.2203	-22.0889	1	292.480011	292.679993
2020-02-05 15:48:04.349	0.00	43.1315	-22.0913	1	292.480011	292.679993
2020-02-05 15:48:05.309	0.00	43.1162	-22.0739	1	292.470001	292.679993
2020-02-05 15:48:06.241	0.00	43.1634	-22.0841	1	292.489990	292.679993
2020-02-05 15:48:07.164	0.00	43.1466	-22.0814	1	292.480011	292.690002
2020-02-05 15:48:08.138	0.00	43.1537	-22.0976	1	292.470001	292.690002
2020-02-05 15:48:09.029	0.00	43.0042	-22.0889	1	292.470001	292.679993
2020-02-05 15:48:09.997	0.00	42.9990	-22.0842	1	292.470001	292.690002
2020-02-05 15:48:10.947	0.00	42.9602	-22.0795	1	292.489990	292.679993
2020-02-05 15:48:11.882	0.00	42.9539	-22.0637	1	292.480011	292.700012
2020-02-05 15:48:12.792	0.00	42.9201	-22.0613	1	292.480011	292.679993
2020-02-05 15:48:13.752	0.00	42.8973	-22.0884	1	292.500000	292.679993
2020-02-05 15:48:14.673	0.00	42.9592	-22.0746	1	292.480011	292.670013
2020-02-05 15:48:15.631	0.00	42.9279	-22.0693	1	292.489990	292.679993
2020-02-05 15:48:16.560	0.00	42.9387	-22.0737	1	292.480011	292.679993
2020-02-05 15:48:17.502	0.00	42.9386	-22.0750	1	292.489990	292.679993
2020-02-05 15:48:18.455	0.00	42.8784	-22.0742	1	292.489990	292.679993
2020-02-05 15:48:19.382	0.00	42.9795	-22.0816	1	292.489990	292.690002
2020-02-05 15:48:20.345	0.00	42.9174	-22.0622	1	292.489990	292.679993
2020-02-05 15:48:21.260	0.00	43.0163	-22.0725	1	292.470001	292.679993
2020-02-05 15:48:22.236	0.00	43.0238	-22.0675	1	292.480011	292.690002
2020-02-05 15:48:23.159	0.00	42.9704	-22.0680	1	292.489990	292.679993
2020-02-05 15:48:24.084	0.00	43.0553	-22.0609	1	292.489990	292.690002
2020-02-05 15:48:25.057	0.00	43.0316	-22.0337	1	292.500000	292.670013
2020-02-05 15:48:25.982	0.00	43.0576	-22.0366	1	292.489990	292.670013
2020-02-05 15:48:26.941	0.00	43.0183	-22.0363	1	292.510010	292.670013
2020-02-05 15:48:27.872	0.00	42.9736	-22.0572	1	292.489990	292.679993
2020-02-05 15:48:28.801	0.00	43.0506	-22.0507	1	292.500000	292.660004
2020-02-05 15:48:29.753	0.00	42.9753	-22.0475	1	292.500000	292.679993
2020-02-05 15:48:30.672	0.00	42.9929	-22.0507	1	292.500000	292.679993
2020-02-05 15:48:31.627	0.00	42.9666	-22.0503	1	292.510010	292.679993
2020-02-05 15:48:32.569	0.00	42.9263	-22.0398	1	292.519989	292.679993
2020-02-05 15:48:33.506	0.00	42.8474	-22.0463	1	292.519989	292.679993
2020-02-05 15:48:34.449	0.00	42.7673	-22.0303	1	292.500000	292.679993
2020-02-05 15:48:35.382	0.00	42.7861	-22.0294	1	292.500000	292.679993
2020-02-05 15:48:36.301	0.00	42.7866	-22.0322	1	292.500000	292.679993
2020-02-05 15:48:37.267	0.00	42.8387	-22.0540	1	292.500000	292.670013
2020-02-05 15:48:38.183	0.00	42.8719	-22.0688	1	292.500000	292.700012
2020-02-05 15:48:39.161	0.00	42.8456	-22.0500	1	292.519989	292.679993
2020-02-05 15:48:40.071	0.00	42.9254	-22.0406	1	292.519989	292.690002
2020-02-05 15:48:41.022	0.00	42.8689	-22.0488	1	292.510010	292.670013
2020-02-05 15:48:41.944	0.00	43.0327	-22.0637	1	292.500000	292.690002
2020-02-05 15:48:42.895	0.00	43.0225	-22.0553	1	292.519989	292.690002
2020-02-05 15:48:43.827	0.00	43.0975	-22.0660	1	292.510010	292.679993
2020-02-05 15:48:44.773	0.00	43.0562	-22.0611	1	292.510010	292.679993
2020-02-05 15:48:45.714	0.00	43.0009	-22.0542	1	292.489990	292.670013
2020-02-05 15:48:46.653	0.00	43.0080	-22.0463	1	292.500000	292.679993
2020-02-05 15:48:47.581	0.00	42.8721	-22.0376	1	292.510010	292.679993
2020-02-05 15:48:48.523	0.00	42.8723	-22.0557	1	292.500000	292.679993
2020-02-05 15:48:49.453	0.00	42.7933	-22.0371	1	292.510010	292.660004
2020-02-05 15:48:50.399	0.00	42.8264	-22.0353	1	292.519989	292.679993
2020-02-05 15:48:51.344	0.00	42.8279	-22.0316	1	292.519989	292.690002
2020-02-05 15:48:52.241	0.00	42.8364	-22.0005	1	292.510010	292.670013
2020-02-05 15:48:53.197	0.00	42.8907	-22.0095	1	292.519989	292.679993
2020-02-05 15:48:54.152	0.00	42.7871	-22.0209	1	292.510010	292.679993
2020-02-05 15:48:55.107	0.00	42.8877	-22.0287	1	292.519989	292.679993
2020-02-05 15:48:56.008	0.00	42.7775	-22.0132	1	292.519989	292.679993
2020-02-05 15:48:56.941	0.00	42.7559	-22.0204	1	292.510010	292.679993
2020-02-05 15:48:57.894	0.00	42.7083	-22.0146	1	292.510010	292.690002
2020-02-05 15:48:58.843	0.00	42.7345	-22.0379	1	292.519989	292.670013
2020-02-05 15:48:59.793	0.00	42.9335	-22.0440	1	292.500000	292.670013
2020-02-05 15:49:00.679	0.00	42.9463	-22.0376	1	292.519989	292.679993
2020-02-05 15:49:01.650	0.00	43.0739	-22.0489	1	292.510010	292.679993
2020-02-05 15:49:02.614	0.00	43.1246	-22.0689	1	292.519989	292.690002
2020-02-05 15:49:03.556	0.00	43.0831	-22.0545	1	292.519989	292.679993
2020-02-05 15:49:04.492	0.00	43.1062	-22.0363	1	292.519989	292.679993
2020-02-05 15:49:05.439	0.00	42.9878	-22.0274	1	292.510010	292.679993
2020-02-05 15:49:06.401	0.00	43.0730	-22.0383	1	292.519989	292.679993
2020-02-05 15:49:07.322	0.00	43.1644	-22.0349	1	292.510010	292.679993
2020-02-05 15:49:08.264	0.00	43.1583	-22.0106	1	292.510010	292.690002
2020-02-05 15:49:09.207	0.00	43.2012	-22.0127	1	292.500000	292.670013
2020-02-05 15:49:10.147	0.00	43.2208	-22.0200	1	292.519989	292.679993
2020-02-05 15:49:11.106	0.00	43.2406	-22.0223	1	292.519989	292.679993
2020-02-05 15:49:12.033	0.00	43.2665	-22.0000	1	292.519989	292.670013
2020-02-05 15:49:12.951	0.00	43.2385	-21.9997	1	292.510010	292.670013
2020-02-05 15:49:13.906	0.00	43.3006	-21.9952	1	292.529999	292.679993
2020-02-05 15:49:14.858	0.00	43.2694	-21.9753	1	292.510010	292.679993
2020-02-05 15:49:15.797	0.00	43.3332	-21.9777	1	292.519989	292.679993
2020-02-05 15:49:16.747	0.00	43.4003	-21.9767	1	292.510010	292.679993
2020-02-05 15:49:17.636	0.00	43.3561	-21.9784	1	292.500000	292.679993
2020-02-05 15:49:18.630	0.00	43.3536	-21.9747	1	292.519989	292.679993
2020-02-05 15:49:19.569	0.00	43.3166	-21.9786	1	292.510010	292.700012
2020-02-05 15:49:20.504	0.00	43.3945	-21.9911	1	292.500000	292.670013
2020-02-05 15:49:21.442	0.00	43.3289	-21.9890	1	292.519989	292.679993
2020-02-05 15:49:22.395	0.00	43.2845	-21.9888	1	292.500000	292.679993
2020-02-05 15:49:23.317	0.00	43.3197	-21.9928	1	292.489990	292.670013
2020-02-05 15:49:24.256	0.00	43.2302	-22.0103	1	292.500000	292.679993
2020-02-05 15:49:25.213	0.00	43.2012	-21.9922	1	292.519989	292.679993
2020-02-05 15:49:26.152	0.00	43.2032	-21.9982	1	292.510010	292.679993
2020-02-05 15:49:27.099	0.00	43.1411	-21.9909	1	292.510010	292.679993
2020-02-05 15:49:28.006	0.00	43.1164	-22.0021	1	292.500000	292.679993
2020-02-05 15:49:28.960	0.00	43.0787	-22.0234	1	292.500000	292.670013
2020-02-05 15:49:29.899	0.00	43.1387	-22.0003	1	292.489990	292.679993
2020-02-05 15:49:30.826	0.00	43.0356	-22.0114	1	292.489990	292.679993
2020-02-05 15:49:31.767	0.00	43.0597	-22.0043	1	292.489990	292.679993
2020-02-05 15:49:32.691	0.00	43.1077	-22.0269	1	292.500000	292.679993
2020-02-05 15:49:33.660	0.00	43.1448	-22.0033	1	292.500000	292.679993
2020-02-05 15:49:34.592	0.00	43.2541	-21.9823	1	292.500000	292.679993
2020-02-05 15:49:35.525	0.00	43.2116	-21.9979	1	292.489990	292.679993
2020-02-05 15:49:36.453	0.00	43.2584	-21.9816	1	292.489990	292.679993
2020-02-05 15:49:37.402	0.00	43.1733	-21.9864	1	292.480011	292.679993
2020-02-05 15:49:38.332	0.00	43.2944	-21.9795	1	292.489990	292.679993
2020-02-05 15:49:39.274	0.00	43.1662	-21.9722	1	292.489990	292.679993
2020-02-05 15:49:40.208	0.00	43.2466	-21.9954	1	292.489990	292.670013
2020-02-05 15:49:41.127	0.00	43.2348	-21.9704	1	292.489990	292.679993
2020-02-05 15:49:42.085	0.00	43.2346	-21.9742	1	292.489990	292.670013
2020-02-05 15:49:43.022	0.00	43.2323	-21.9748	1	292.500000	292.670013
2020-02-05 15:49:43.963	0.00	43.2027	-21.9707	1	292.500000	292.679993
2020-02-05 15:49:44.908	0.00	43.2863	-21.9687	1	292.489990	292.670013
2020-02-05 15:49:45.856	0.00	43.3315	-21.9711	1	292.489990	292.679993
2020-02-05 15:49:46.781	0.00	43.3108	-21.9683	1	292.489990	292.670013
2020-02-05 15:49:47.716	0.00	43.3486	-21.9703	1	292.489990	292.679993
2020-02-05 15:49:48.668	0.00	43.2933	-21.9689	1	292.500000	292.670013
2020-02-05 15:49:49.589	0.00	43.3564	-21.9759	1	292.500000	292.679993
2020-02-05 15:49:50.566	0.00	43.3242	-21.9668	1	292.489990	292.660004
2020-02-05 15:49:51.491	0.00	43.2846	-21.9777	1	292.489990	292.660004
2020-02-05 15:49:52.426	0.00	43.3574	-21.9809	1	292.489990	292.670013
2020-02-05 15:49:53.371	0.00	43.3148	-21.9682	1	292.500000	292.679993
2020-02-05 15:49:54.296	0.00	43.3787	-21.9759	1	292.500000	292.690002
2020-02-05 15:49:55.282	0.00	43.3328	-21.9714	1	292.500000	292.660004
2020-02-05 15:49:56.199	0.00	43.3345	-21.9785	1	292.510010	292.679993
2020-02-05 15:49:57.160	0.00	43.3889	-21.9794	1	292.500000	292.679993
2020-02-05 15:49:58.095	0.00	43.2831	-21.9698	1	292.489990	292.670013
2020-02-05 15:49:59.030	0.00	43.3606	-21.9808	1	292.500000	292.660004
2020-02-05 15:49:59.986	0.00	43.3778	-21.9876	1	292.500000	292.679993
2020-02-05 15:50:00.907	0.00	43.3534	-21.9709	1	292.489990	292.679993
2020-02-05 15:50:01.869	0.00	43.4439	-21.9710	1	292.510010	292.670013
2020-02-05 15:50:02.809	0.00	43.4270	-21.9682	1	292.489990	292.679993
2020-02-05 15:50:03.734	0.00	43.4860	-21.9658	1	292.500000	292.670013
2020-02-05 15:50:04.687	0.00	43.4768	-21.9646	1	292.489990	292.670013
2020-02-05 15:50:05.609	0.00	43.5144	-21.9669	1	292.480011	292.670013
2020-02-05 15:50:06.563	0.00	43.5342	-21.9578	1	292.500000	292.679993
2020-02-05 15:50:07.488	0.00	43.4353	-21.9543	1	292.489990	292.660004
2020-02-05 15:50:08.449	0.00	43.4397	-21.9505	1	292.510010	292.670013
2020-02-05 15:50:09.387	0.00	43.3503	-21.9531	1	292.489990	292.670013
2020-02-05 15:50:10.321	0.00	43.2887	-21.9502	1	292.500000	292.660004
2020-02-05 15:50:11.275	0.00	43.3484	-21.9500	1	292.500000	292.679993
2020-02-05 15:50:12.226	0.00	43.2924	-21.9571	1	292.500000	292.679993
2020-02-05 15:50:13.165	0.00	43.3158	-21.9588	1	292.489990	292.670013
2020-02-05 15:50:14.106	0.00	43.3323	-21.9491	1	292.510010	292.670013
2020-02-05 15:50:15.054	0.00	43.2540	-21.9528	1	292.489990	292.679993
2020-02-05 15:50:15.986	0.00	43.2998	-21.9546	1	292.500000	292.690002
2020-02-05 15:50:16.905	0.00	43.2692	-21.9526	1	292.500000	292.670013
2020-02-05 15:50:17.861	0.00	43.3070	-21.9444	1	292.510010	292.679993
2020-02-05 15:50:18.829	0.00	43.3355	-21.9475	1	292.489990	292.679993
2020-02-05 15:50:19.754	0.00	43.2634	-21.9479	1	292.489990	292.679993
2020-02-05 15:50:20.710	0.00	43.3372	-21.9458	1	292.480011	292.679993
2020-02-05 15:50:21.633	0.00	43.2792	-21.9442	1	292.489990	292.660004
2020-02-05 15:50:22.587	0.00	43.3097	-21.9411	1	292.510010	292.670013
2020-02-05 15:50:23.527	0.00	43.3108	-21.9410	1	292.489990	292.679993
2020-02-05 15:50:24.455	0.00	43.2525	-21.9434	1	292.489990	292.660004
2020-02-05 15:50:25.426	0.00	43.3072	-21.9390	1	292.500000	292.679993
2020-02-05 15:50:26.342	0.00	43.2494	-21.9462	1	292.489990	292.670013
2020-02-05 15:50:27.289	0.00	43.3288	-21.9522	1	292.489990	292.679993
2020-02-05 15:50:28.222	0.00	43.4041	-21.9517	1	292.470001	292.660004
2020-02-05 15:50:29.177	0.00	43.3701	-21.9487	1	292.489990	292.660004
2020-02-05 15:50:30.123	0.00	43.4962	-21.9549	1	292.489990	292.660004
2020-02-05 15:50:31.042	0.00	43.4154	-21.9586	1	292.500000	292.670013
2020-02-05 15:50:31.983	0.00	43.4595	-21.9488	1	292.489990	292.660004
2020-02-05 15:50:32.948	0.00	43.3936	-21.9535	1	292.489990	292.679993
2020-02-05 15:50:33.869	0.00	43.3548	-21.9465	1	292.510010	292.670013
2020-02-05 15:50:34.817	0.00	43.4379	-21.9442	1	292.500000	292.670013
2020-02-05 15:50:35.745	0.00	43.3904	-21.9396	1	292.489990	292.660004
2020-02-05 15:50:36.700	0.00	43.4561	-21.9485	1	292.489990	292.660004
2020-02-05 15:50:37.666	0.00	43.4375	-21.9456	1	292.480011	292.660004
2020-02-05 15:50:38.566	0.00	43.4500	-21.9434	1	292.489990	292.670013
2020-02-05 15:50:39.512	0.00	43.5015	-21.9447	1	292.489990	292.670013
2020-02-05 15:50:40.465	0.00	43.4234	-21.9412	1	292.489990	292.670013
2020-02-05 15:50:41.398	0.00	43.5079	-21.9413	1	292.489990	292.670013
2020-02-05 15:50:42.349	0.00	43.4958	-21.9423	1	292.489990	292.670013
2020-02-05 15:50:43.252	0.00	43.4861	-21.9413	1	292.470001	292.660004
2020-02-05 15:50:44.247	0.00	43.4791	-21.9407	1	292.489990	292.670013
2020-02-05 15:50:45.173	0.00	43.4388	-21.9406	1	292.489990	292.670013
2020-02-05 15:50:46.101	0.00	43.4787	-21.9455	1	292.470001	292.660004
2020-02-05 15:50:47.061	0.00	43.4940	-21.9432	1	292.489990	292.660004
2020-02-05 15:50:47.992	0.00	43.5673	-21.9448	1	292.470001	292.660004
2020-02-05 15:50:48.943	0.00	43.6191	-21.9437	1	292.480011	292.660004
2020-02-05 15:50:49.882	0.00	43.4461	-21.9398	1	292.470001	292.670013
2020-02-05 15:50:50.767	0.00	43.4245	-21.9425	1	292.480011	292.660004
2020-02-05 15:50:51.775	0.00	43.3357	-21.9467	1	292.480011	292.660004
2020-02-05 15:50:52.687	0.00	43.3993	-21.9399	1	292.489990	292.670013
2020-02-05 15:50:53.613	0.00	43.3532	-21.9440	1	292.489990	292.660004
2020-02-05 15:50:54.551	0.00	43.4059	-21.9396	1	292.480011	292.670013
2020-02-05 15:50:55.492	0.00	43.3972	-21.9392	1	292.480011	292.679993
2020-02-05 15:50:56.420	0.00	43.3980	-21.9381	1	292.459991	292.660004
2020-02-05 15:50:57.370	0.00	43.5418	-21.9365	1	292.450012	292.670013
2020-02-05 15:50:58.320	0.00	43.5527	-21.9388	1	292.470001	292.660004
2020-02-05 15:50:59.253	0.00	43.6211	-21.9368	1	292.470001	292.679993
2020-02-05 15:51:00.187	0.00	43.6456	-21.9385	1	292.470001	292.670013
2020-02-05 15:51:01.121	0.00	43.6753	-21.9372	1	292.480011	292.660004
2020-02-05 15:51:02.071	0.00	43.6977	-21.9443	1	292.470001	292.670013
2020-02-05 15:51:02.976	0.00	43.6006	-21.9394	1	292.470001	292.660004
2020-02-05 15:51:03.928	0.00	43.6240	-21.9389	1	292.470001	292.679993
2020-02-05 15:51:04.871	0.00	43.5968	-21.9417	1	292.459991	292.670013
2020-02-05 15:51:05.799	0.00	43.7288	-21.9447	1	292.459991	292.670013
2020-02-05 15:51:06.720	0.00	43.6888	-21.9455	1	292.470001	292.660004
2020-02-05 15:51:07.683	0.00	43.8010	-21.9439	1	292.470001	292.660004
2020-02-05 15:51:08.623	0.00	43.8514	-21.9454	1	292.470001	292.660004
2020-02-05 15:51:09.573	0.00	43.8033	-21.9477	1	292.470001	292.660004
2020-02-05 15:51:10.464	0.00	43.8571	-21.9577	1	292.459991	292.660004
2020-02-05 15:51:11.427	0.00	43.7644	-21.9493	1	292.459991	292.660004
2020-02-05 15:51:12.395	0.00	43.7445	-21.9451	1	292.470001	292.660004
2020-02-05 15:51:13.296	0.00	43.6407	-21.9445	1	292.470001	292.660004
2020-02-05 15:51:14.275	0.00	43.6225	-21.9428	1	292.450012	292.670013
2020-02-05 15:51:15.203	0.00	43.6180	-21.9483	1	292.470001	292.660004
2020-02-05 15:51:16.144	0.00	43.4833	-21.9502	1	292.450012	292.660004
2020-02-05 15:51:17.104	0.00	43.5068	-21.9441	1	292.450012	292.679993
2020-02-05 15:51:18.018	0.00	43.5386	-21.9387	1	292.450012	292.670013
2020-02-05 15:51:18.963	0.00	43.5429	-21.9395	1	292.450012	292.660004
2020-02-05 15:51:19.925	0.00	43.6434	-21.9392	1	292.459991	292.660004
2020-02-05 15:51:20.854	0.00	43.5749	-21.9400	1	292.450012	292.670013
2020-02-05 15:51:21.792	0.00	43.4926	-21.9419	1	292.450012	292.660004
2020-02-05 15:51:22.742	0.00	43.4283	-21.9381	1	292.459991	292.670013
2020-02-05 15:51:23.705	0.00	43.3129	-21.9433	1	292.450012	292.670013
2020-02-05 15:51:24.628	0.00	43.3573	-21.9453	1	292.459991	292.660004
2020-02-05 15:51:25.559	0.00	43.2768	-21.9395	1	292.459991	292.660004
2020-02-05 15:51:26.519	0.00	43.3573	-21.9409	1	292.459991	292.649994
2020-02-05 15:51:27.448	0.00	43.3745	-21.9435	1	292.459991	292.670013
2020-02-05 15:51:28.417	0.00	43.2769	-21.9453	1	292.470001	292.649994
2020-02-05 15:51:29.335	0.00	43.2611	-21.9496	1	292.440002	292.660004
2020-02-05 15:51:30.282	0.00	43.1344	-21.9464	1	292.459991	292.670013
2020-02-05 15:51:31.223	0.00	43.1763	-21.9475	1	292.459991	292.670013
2020-02-05 15:51:32.158	0.00	43.1237	-21.9535	1	292.450012	292.660004
2020-02-05 15:51:33.101	0.00	43.1911	-21.9463	1	292.459991	292.679993
2020-02-05 15:51:34.020	0.00	43.2701	-21.9418	1	292.450012	292.660004
2020-02-05 15:51:34.969	0.00	43.3063	-21.9415	1	292.450012	292.660004
2020-02-05 15:51:35.929	0.00	43.4281	-21.9473	1	292.450012	292.649994
2020-02-05 15:51:36.821	0.00	43.4470	-21.9460	1	292.450012	292.660004
2020-02-05 15:51:37.793	0.00	43.5330	-21.9508	1	292.450012	292.649994
2020-02-05 15:51:38.741	0.00	43.5678	-21.9491	1	292.459991	292.660004
2020-02-05 15:51:39.690	0.00	43.5411	-21.9474	1	292.450012	292.660004
2020-02-05 15:51:40.641	0.00	43.6489	-21.9424	1	292.450012	292.649994
2020-02-05 15:51:41.573	0.00	43.6303	-21.9384	1	292.440002	292.649994
2020-02-05 15:51:42.531	0.00	43.6159	-21.9359	1	292.429993	292.660004
2020-02-05 15:51:43.453	0.00	43.6552	-21.9389	1	292.440002	292.660004
2020-02-05 15:51:44.382	0.00	43.5233	-21.9439	1	292.440002	292.679993
2020-02-05 15:51:45.340	0.00	43.5365	-21.9423	1	292.440002	292.660004
2020-02-05 15:51:46.288	0.00	43.5053	-21.9391	1	292.440002	292.660004
2020-02-05 15:51:47.238	0.00	43.5923	-21.9395	1	292.450012	292.660004
2020-02-05 15:51:48.160	0.00	43.5725	-21.9447	1	292.450012	292.670013
2020-02-05 15:51:49.095	0.00	43.4819	-21.9497	1	292.440002	292.660004
2020-02-05 15:51:50.048	0.00	43.5188	-21.9513	1	292.450012	292.660004
2020-02-05 15:51:50.992	0.00	43.4155	-21.9482	1	292.450012	292.660004
2020-02-05 15:51:51.945	0.00	43.4024	-21.9499	1	292.440002	292.670013
2020-02-05 15:51:52.867	0.00	43.3913	-21.9513	1	292.440002	292.660004
2020-02-05 15:51:53.792	0.00	43.4384	-21.9501	1	292.450012	292.670013
2020-02-05 15:51:54.755	0.00	43.5242	-21.9493	1	292.450012	292.660004
2020-02-05 15:51:55.699	0.00	43.4835	-21.9497	1	292.450012	292.660004
2020-02-05 15:51:56.630	0.00	43.5906	-21.9471	1	292.450012	292.660004
2020-02-05 15:51:57.578	0.00	43.5995	-21.9618	1	292.450012	292.679993
2020-02-05 15:51:58.528	0.00	43.5488	-21.9525	1	292.450012	292.660004
2020-02-05 15:51:59.476	0.00	43.6112	-21.9463	1	292.450012	292.660004
2020-02-05 15:52:00.395	0.00	43.6399	-21.9525	1	292.440002	292.670013
2020-02-05 15:52:01.321	0.00	43.7873	-21.9688	1	292.440002	292.660004
2020-02-05 15:52:02.276	0.00	43.7199	-21.9544	1	292.450012	292.660004
2020-02-05 15:52:03.202	0.00	43.7993	-21.9549	1	292.450012	292.670013
2020-02-05 15:52:04.143	0.00	43.8129	-21.9528	1	292.440002	292.660004
2020-02-05 15:52:05.088	0.00	43.7795	-21.9527	1	292.450012	292.679993
2020-02-05 15:52:05.983	0.00	43.8567	-21.9432	1	292.440002	292.660004
2020-02-05 15:52:06.971	0.00	43.7976	-21.9568	1	292.450012	292.670013
2020-02-05 15:52:07.897	0.00	43.8281	-21.9648	1	292.450012	292.670013
2020-02-05 15:52:08.848	0.00	43.8146	-21.9670	1	292.440002	292.670013
2020-02-05 15:52:09.799	0.00	43.7088	-21.9729	1	292.450012	292.660004
2020-02-05 15:52:10.741	0.00	43.7086	-21.9659	1	292.450012	292.660004
2020-02-05 15:52:11.682	0.00	43.5566	-21.9619	1	292.440002	292.670013
2020-02-05 15:52:12.638	0.00	43.5216	-21.9717	1	292.450012	292.660004
2020-02-05 15:52:13.568	0.00	43.4595	-21.9582	1	292.450012	292.660004
2020-02-05 15:52:14.517	0.00	43.4122	-21.9700	1	292.450012	292.660004
2020-02-05 15:52:15.458	0.00	43.4646	-21.9827	1	292.450012	292.660004
2020-02-05 15:52:16.410	0.00	43.5234	-21.9684	1	292.459991	292.670013
2020-02-05 15:52:17.336	0.00	43.4003	-21.9664	1	292.459991	292.660004
2020-02-05 15:52:18.297	0.00	43.4284	-21.9624	1	292.450012	292.660004
2020-02-05 15:52:19.209	0.00	43.3112	-21.9773	1	292.459991	292.670013
2020-02-05 15:52:20.195	0.00	43.3909	-21.9786	1	292.470001	292.660004
2020-02-05 15:52:21.128	0.00	43.4349	-21.9719	1	292.459991	292.660004
2020-02-05 15:52:22.060	0.00	43.4250	-21.9797	1	292.470001	292.660004
2020-02-05 15:52:23.010	0.00	43.4663	-21.9752	1	292.459991	292.670013
2020-02-05 15:52:23.924	0.00	43.4485	-21.9690	1	292.459991	292.660004
2020-02-05 15:52:24.903	0.00	43.5512	-21.9781	1	292.459991	292.660004
2020-02-05 15:52:25.807	0.00	43.6335	-21.9843	1	292.450012	292.670013
2020-02-05 15:52:26.775	0.00	43.6462	-22.0197	1	292.450012	292.670013
2020-02-05 15:52:27.717	0.00	43.7792	-22.0193	1	292.450012	292.670013
2020-02-05 15:52:28.649	0.00	43.7080	-22.0104	1	292.440002	292.660004
2020-02-05 15:52:29.596	0.00	43.7030	-22.0159	1	292.450012	292.660004
2020-02-05 15:52:30.519	0.00	43.6465	-22.0316	1	292.450012	292.670013
2020-02-05 15:52:31.458	0.00	43.6074	-22.0082	1	292.470001	292.679993
2020-02-05 15:52:32.398	0.00	43.5476	-22.0036	1	292.459991	292.670013
2020-02-05 15:52:33.330	0.00	43.4851	-21.9939	1	292.470001	292.670013
2020-02-05 15:52:34.290	0.00	43.5642	-22.0039	1	292.450012	292.649994
2020-02-05 15:52:35.224	0.00	43.5720	-21.9927	1	292.450012	292.670013
2020-02-05 15:52:36.160	0.00	43.5324	-22.0030	1	292.440002	292.670013
2020-02-05 15:52:37.122	0.00	43.6972	-21.9980	1	292.450012	292.660004
2020-02-05 15:52:38.039	0.00	43.6547	-21.9961	1	292.450012	292.660004
2020-02-05 15:52:38.998	0.00	43.7154	-21.9950	1	292.450012	292.660004
2020-02-05 15:52:39.935	0.00	43.7316	-21.9887	1	292.459991	292.670013
2020-02-05 15:52:40.880	0.00	43.8550	-21.9888	1	292.470001	292.660004
2020-02-05 15:52:41.803	0.00	43.9225	-22.0041	1	292.450012	292.670013
2020-02-05 15:52:42.748	0.00	43.9072	-22.0084	1	292.450012	292.670013
2020-02-05 15:52:43.677	0.00	43.8775	-22.0130	1	292.459991	292.670013
2020-02-05 15:52:44.618	0.00	43.7683	-21.9920	1	292.480011	292.660004
2020-02-05 15:52:45.546	0.00	43.8391	-21.9920	1	292.450012	292.649994
2020-02-05 15:52:46.523	0.00	43.8528	-21.9845	1	292.459991	292.670013
2020-02-05 15:52:47.432	0.00	43.8201	-21.9931	1	292.459991	292.660004
2020-02-05 15:52:48.376	0.00	43.8746	-22.0019	1	292.470001	292.670013
2020-02-05 15:52:49.327	0.00	43.9701	-22.0046	1	292.459991	292.649994
2020-02-05 15:52:50.250	0.00	43.9726	-22.0109	1	292.470001	292.670013
2020-02-05 15:52:51.175	0.00	43.9289	-21.9976	1	292.459991	292.670013
2020-02-05 15:52:52.151	0.00	43.9027	-22.0135	1	292.470001	292.649994
2020-02-05 15:52:53.067	0.00	43.8977	-22.0064	1	292.470001	292.660004
2020-02-05 15:52:54.015	0.00	43.8520	-22.0318	1	292.459991	292.660004
2020-02-05 15:52:54.957	0.00	43.9224	-22.0194	1	292.470001	292.660004
2020-02-05 15:52:55.903	0.00	43.8348	-22.0346	1	292.459991	292.679993
2020-02-05 15:52:56.853	0.00	43.8810	-22.0258	1	292.459991	292.670013
2020-02-05 15:52:57.780	0.00	43.8488	-22.0148	1	292.470001	292.660004
2020-02-05 15:52:58.741	0.00	43.7338	-22.0306	1	292.450012	292.660004
2020-02-05 15:52:59.632	0.00	43.7686	-22.0244	1	292.470001	292.660004
2020-02-05 15:53:00.600	0.00	43.6725	-22.0368	1	292.470001	292.670013
2020-02-05 15:53:01.547	0.00	43.7600	-22.0321	1	292.459991	292.660004
2020-02-05 15:53:02.492	0.00	43.7720	-22.0258	1	292.459991	292.679993
2020-02-05 15:53:03.445	0.00	43.7808	-22.0227	1	292.450012	292.660004
2020-02-05 15:53:04.372	0.00	43.8565	-22.0156	1	292.459991	292.670013
2020-02-05 15:53:05.309	0.00	43.8124	-22.0372	1	292.459991	292.679993
2020-02-05 15:53:06.264	0.00	43.9081	-22.0519	1	292.450012	292.660004
2020-02-05 15:53:07.195	0.00	43.8174	-22.0689	1	292.450012	292.660004
2020-02-05 15:53:08.129	0.00	43.7446	-22.0641	1	292.450012	292.660004
2020-02-05 15:53:09.081	0.00	43.7950	-22.0688	1	292.459991	292.670013
2020-02-05 15:53:10.032	0.00	43.6848	-22.0715	1	292.450012	292.660004
2020-02-05 15:53:10.984	0.00	43.7684	-22.0590	1	292.450012	292.690002
2020-02-05 15:53:11.886	0.00	43.7562	-22.0316	1	292.459991	292.670013
2020-02-05 15:53:12.845	0.00	43.7866	-22.0330	1	292.459991	292.670013
2020-02-05 15:53:13.772	0.00	43.8378	-22.0222	1	292.470001	292.660004
2020-02-05 15:53:14.727	0.00	43.7369	-22.0340	1	292.459991	292.670013
2020-02-05 15:53:15.656	0.00	43.8274	-22.0414	1	292.459991	292.660004
2020-02-05 15:53:16.613	0.00	43.7345	-22.0388	1	292.450012	292.660004
2020-02-05 15:53:17.555	0.00	43.7625	-22.0275	1	292.450012	292.679993
2020-02-05 15:53:18.489	0.00	43.7477	-22.0315	1	292.470001	292.670013
2020-02-05 15:53:19.423	0.00	43.6967	-22.0189	1	292.470001	292.679993
2020-02-05 15:53:20.384	0.00	43.7143	-22.0368	1	292.459991	292.660004
2020-02-05 15:53:21.306	0.00	43.6416	-22.0432	1	292.470001	292.679993
2020-02-05 15:53:22.250	0.00	43.6840	-22.0646	1	292.459991	292.660004
2020-02-05 15:53:23.197	0.00	43.6848	-22.0541	1	292.459991	292.660004
2020-02-05 15:53:24.157	0.00	43.5806	-22.0671	1	292.470001	292.670013
2020-02-05 15:53:25.096	0.00	43.5379	-22.0583	1	292.459991	292.679993
2020-02-05 15:53:26.024	0.00	43.4177	-22.0315	1	292.470001	292.679993
2020-02-05 15:53:26.969	0.00	43.4889	-22.0399	1	292.459991	292.679993
2020-02-05 15:53:27.902	0.00	43.4850	-22.0632	1	292.470001	292.670013
2020-02-05 15:53:28.844	0.00	43.4715	-22.0634	1	292.470001	292.670013
2020-02-05 15:53:29.813	0.00	43.4798	-22.0609	1	292.459991	292.660004
2020-02-05 15:53:30.720	0.00	43.3739	-22.0625	1	292.470001	292.679993
2020-02-05 15:53:31.670	0.00	43.4436	-22.0538	1	292.470001	292.670013
2020-02-05 15:53:32.604	0.00	43.4640	-22.0485	1	292.480011	292.679993
2020-02-05 15:53:33.557	0.00	43.4311	-22.0603	1	292.459991	292.679993
2020-02-05 15:53:34.488	0.00	43.4005	-22.0586	1	292.470001	292.670013
2020-02-05 15:53:35.423	0.00	43.3190	-22.0620	1	292.459991	292.679993
2020-02-05 15:53:36.361	0.00	43.3681	-22.0796	1	292.480011	292.670013
2020-02-05 15:53:37.299	0.00	43.2744	-22.0718	1	292.470001	292.660004
2020-02-05 15:53:38.230	0.00	43.3281	-22.0665	1	292.470001	292.649994
2020-02-05 15:53:39.154	0.00	43.3340	-22.0753	1	292.470001	292.670013
2020-02-05 15:53:40.134	0.00	43.2311	-22.0784	1	292.470001	292.660004
2020-02-05 15:53:41.056	0.00	43.2793	-22.0838	1	292.459991	292.660004
2020-02-05 15:53:41.998	0.00	43.2578	-22.0759	1	292.459991	292.660004
2020-02-05 15:53:42.955	0.00	43.3840	-22.0763	1	292.480011	292.660004
2020-02-05 15:53:43.869	0.00	43.3558	-22.0808	1	292.459991	292.660004
2020-02-05 15:53:44.818	0.00	43.3721	-22.0741	1	292.489990	292.660004
2020-02-05 15:53:45.743	0.00	43.4557	-22.0711	1	292.470001	292.670013
2020-02-05 15:53:46.697	0.00	43.4816	-22.0748	1	292.470001	292.660004
2020-02-05 15:53:47.619	0.00	43.5558	-22.0724	1	292.459991	292.660004
2020-02-05 15:53:48.575	0.00	43.5017	-22.0694	1	292.470001	292.670013
2020-02-05 15:53:49.508	0.00	43.5098	-22.0344	1	292.470001	292.670013
2020-02-05 15:53:50.463	0.00	43.4808	-22.0556	1	292.459991	292.660004
2020-02-05 15:53:51.385	0.00	43.4309	-22.0505	1	292.459991	292.679993
2020-02-05 15:53:52.326	0.00	43.4697	-22.0745	1	292.459991	292.670013
2020-02-05 15:53:53.261	0.00	43.4059	-22.0587	1	292.450012	292.660004
2020-02-05 15:53:54.191	0.00	43.4952	-22.0709	1	292.459991	292.679993
2020-02-05 15:53:55.144	0.00	43.3629	-22.0853	1	292.470001	292.660004
2020-02-05 15:53:56.084	0.00	43.4115	-22.0658	1	292.480011	292.670013
2020-02-05 15:53:57.007	0.00	43.4306	-22.0608	1	292.470001	292.679993
2020-02-05 15:53:57.999	0.00	43.4580	-22.0447	1	292.470001	292.670013
2020-02-05 15:53:58.884	0.00	43.4901	-22.0522	1	292.470001	292.679993
2020-02-05 15:53:59.844	0.00	43.4222	-22.0609	1	292.459991	292.679993
2020-02-05 15:54:00.764	0.00	43.5524	-22.0517	1	292.480011	292.660004
2020-02-05 15:54:01.709	0.00	43.5440	-22.0570	1	292.470001	292.679993
2020-02-05 15:54:02.641	0.00	43.6089	-22.0648	1	292.480011	292.679993
2020-02-05 15:54:03.596	0.00	43.6465	-22.0616	1	292.470001	292.679993
2020-02-05 15:54:04.518	0.00	43.5942	-22.0635	1	292.480011	292.679993
2020-02-05 15:54:05.454	0.00	43.6023	-22.0808	1	292.470001	292.679993
2020-02-05 15:54:06.414	0.00	43.5541	-22.0767	1	292.489990	292.660004
2020-02-05 15:54:07.336	0.00	43.6911	-22.0729	1	292.480011	292.679993
2020-02-05 15:54:08.285	0.00	43.6294	-22.0755	1	292.470001	292.679993
2020-02-05 15:54:09.218	0.00	43.6147	-22.0855	1	292.480011	292.670013
2020-02-05 15:54:10.146	0.00	43.6321	-22.0879	1	292.480011	292.679993
2020-02-05 15:54:11.100	0.00	43.6503	-22.0788	1	292.480011	292.679993
2020-02-05 15:54:12.043	0.00	43.7989	-22.0825	1	292.500000	292.679993
2020-02-05 15:54:12.970	0.00	43.7865	-22.0748	1	292.480011	292.679993
2020-02-05 15:54:13.933	0.00	43.9042	-22.0751	1	292.470001	292.679993
2020-02-05 15:54:14.866	0.00	43.8995	-22.0866	1	292.489990	292.679993
2020-02-05 15:54:15.782	0.00	43.9504	-22.0830	1	292.500000	292.670013
2020-02-05 15:54:16.739	0.00	43.9537	-22.0840	1	292.489990	292.679993
2020-02-05 15:54:17.677	0.00	43.8702	-22.0858	1	292.489990	292.690002
2020-02-05 15:54:18.628	0.00	43.9106	-22.0833	1	292.470001	292.690002
2020-02-05 15:54:19.564	0.00	43.8891	-22.0819	1	292.480011	292.679993
2020-02-05 15:54:20.462	0.00	43.9432	-22.0929	1	292.480011	292.679993
2020-02-05 15:54:21.413	0.00	43.9338	-22.0899	1	292.480011	292.679993
2020-02-05 15:54:22.376	0.00	43.9076	-22.0871	1	292.500000	292.679993
2020-02-05 15:54:23.295	0.00	43.8766	-22.0823	1	292.480011	292.660004
2020-02-05 15:54:24.235	0.00	43.8190	-22.0858	1	292.480011	292.679993
2020-02-05 15:54:25.175	0.00	43.9567	-22.0775	1	292.489990	292.679993
2020-02-05 15:54:26.123	0.00	43.9008	-22.0782	1	292.489990	292.690002
2020-02-05 15:54:27.046	0.00	43.9439	-22.0768	1	292.489990	292.679993
2020-02-05 15:54:28.003	0.00	44.0131	-22.0702	1	292.480011	292.679993
2020-02-05 15:54:28.928	0.00	44.0996	-22.0806	1	292.489990	292.670013
2020-02-05 15:54:29.880	0.00	44.1533	-22.0853	1	292.489990	292.670013
2020-02-05 15:54:30.778	0.00	44.0875	-22.0823	1	292.489990	292.670013
2020-02-05 15:54:31.749	0.00	44.1083	-22.0798	1	292.489990	292.670013
2020-02-05 15:54:32.696	0.00	44.0153	-22.0832	1	292.480011	292.679993
2020-02-05 15:54:33.625	0.00	44.1177	-22.0832	1	292.489990	292.679993
2020-02-05 15:54:34.562	0.00	44.0857	-22.0854	1	292.480011	292.679993
2020-02-05 15:54:35.504	0.00	43.9901	-22.0645	1	292.489990	292.690002
2020-02-05 15:54:36.443	0.00	44.0078	-22.0687	1	292.480011	292.679993
2020-02-05 15:54:37.392	0.00	43.9796	-22.0757	1	292.480011	292.679993
2020-02-05 15:54:38.336	0.00	44.0220	-22.0790	1	292.480011	292.670013
2020-02-05 15:54:39.307	0.00	44.0718	-22.0795	1	292.489990	292.709991
2020-02-05 15:54:40.220	0.00	44.1376	-22.0747	1	292.470001	292.690002
2020-02-05 15:54:41.148	0.00	44.1827	-22.0900	1	292.480011	292.679993
2020-02-05 15:54:42.100	0.00	44.0414	-22.0821	1	292.480011	292.670013
2020-02-05 15:54:43.034	0.00	44.0410	-22.0884	1	292.480011	292.670013
2020-02-05 15:54:43.998	0.00	44.0801	-22.0833	1	292.480011	292.679993
2020-02-05 15:54:44.919	0.00	44.0602	-22.0912	1	292.470001	292.670013
2020-02-05 15:54:45.841	0.00	44.1725	-22.0883	1	292.489990	292.679993
2020-02-05 15:54:46.813	0.00	44.1549	-22.0806	1	292.470001	292.679993
2020-02-05 15:54:47.752	0.00	44.2402	-22.0861	1	292.489990	292.679993
2020-02-05 15:54:48.706	0.00	44.2540	-22.0945	1	292.470001	292.679993
2020-02-05 15:54:49.628	0.00	44.1578	-22.0904	1	292.480011	292.679993
2020-02-05 15:54:50.568	0.00	44.1834	-22.0910	1	292.480011	292.679993
2020-02-05 15:54:51.514	0.00	44.0791	-22.0933	1	292.480011	292.679993
2020-02-05 15:54:52.460	0.00	44.1693	-22.0890	1	292.480011	292.690002
2020-02-05 15:54:53.395	0.00	44.0599	-22.0950	1	292.480011	292.690002
2020-02-05 15:54:54.310	0.00	44.0118	-22.0820	1	292.470001	292.690002
2020-02-05 15:54:55.276	0.00	43.9378	-22.0892	1	292.480011	292.679993
2020-02-05 15:54:56.228	0.00	43.8761	-22.0894	1	292.480011	292.679993
2020-02-05 15:54:57.143	0.00	43.9061	-22.0922	1	292.470001	292.679993
2020-02-05 15:54:58.107	0.00	43.8693	-22.0900	1	292.470001	292.670013
2020-02-05 15:54:59.051	0.00	43.8604	-22.0840	1	292.470001	292.670013
2020-02-05 15:54:59.984	0.00	43.9479	-22.0869	1	292.470001	292.679993
2020-02-05 15:55:00.950	0.00	43.9561	-22.0858	1	292.470001	292.690002
2020-02-05 15:55:01.864	0.00	44.0299	-22.0889	1	292.470001	292.679993
2020-02-05 15:55:02.799	0.00	43.9797	-22.0883	1	292.470001	292.679993
2020-02-05 15:55:03.732	0.00	43.9793	-22.0877	1	292.470001	292.690002
2020-02-05 15:55:04.676	0.00	43.9732	-22.0938	1	292.470001	292.679993
2020-02-05 15:55:05.621	0.00	43.9711	-22.0927	1	292.480011	292.679993
2020-02-05 15:55:06.543	0.00	43.9589	-22.0920	1	292.470001	292.679993
2020-02-05 15:55:07.491	0.00	43.9760	-22.0907	1	292.470001	292.690002
2020-02-05 15:55:08.424	0.00	44.1129	-22.0743	1	292.459991	292.690002
2020-02-05 15:55:09.373	0.00	44.0322	-22.0719	1	292.480011	292.679993
2020-02-05 15:55:10.313	0.00	44.0434	-22.0790	1	292.470001	292.679993
2020-02-05 15:55:11.264	0.00	44.0107	-22.0873	1	292.470001	292.679993
2020-02-05 15:55:12.190	0.00	44.0325	-22.0895	1	292.459991	292.679993
2020-02-05 15:55:13.136	0.00	44.1675	-22.0831	1	292.470001	292.690002
2020-02-05 15:55:14.067	0.00	44.2017	-22.0895	1	292.470001	292.679993
2020-02-05 15:55:15.019	0.00	44.2979	-22.0729	1	292.470001	292.690002
2020-02-05 15:55:15.973	0.00	44.3444	-22.0815	1	292.470001	292.679993
2020-02-05 15:55:16.912	0.00	44.2480	-22.0732	1	292.470001	292.700012
2020-02-05 15:55:17.851	0.00	44.2911	-22.0740	1	292.470001	292.690002
2020-02-05 15:55:18.791	0.00	44.2674	-22.0805	1	292.470001	292.670013
2020-02-05 15:55:19.761	0.00	44.1536	-22.0753	1	292.470001	292.690002
2020-02-05 15:55:20.677	0.00	44.1657	-22.0818	1	292.459991	292.670013
2020-02-05 15:55:21.633	0.00	44.1549	-22.0587	1	292.470001	292.690002
2020-02-05 15:55:22.578	0.00	44.1767	-22.0686	1	292.459991	292.690002
2020-02-05 15:55:23.507	0.00	44.1246	-22.0737	1	292.470001	292.690002
2020-02-05 15:55:24.468	0.00	44.1234	-22.0732	1	292.470001	292.670013
2020-02-05 15:55:25.401	0.00	44.1267	-22.0776	1	292.470001	292.690002
2020-02-05 15:55:26.327	0.00	44.0707	-22.0598	1	292.470001	292.679993
2020-02-05 15:55:27.279	0.00	44.1266	-22.0770	1	292.459991	292.690002
2020-02-05 15:55:28.226	0.00	44.0555	-22.0829	1	292.459991	292.679993
2020-02-05 15:55:29.171	0.00	44.0576	-22.0831	1	292.470001	292.679993
2020-02-05 15:55:30.114	0.00	44.0814	-22.0602	1	292.470001	292.700012
2020-02-05 15:55:31.062	0.00	44.0659	-22.0571	1	292.470001	292.679993
2020-02-05 15:55:31.959	0.00	44.1548	-22.0818	1	292.480011	292.679993
2020-02-05 15:55:32.936	0.00	44.1595	-22.0867	1	292.480011	292.679993
2020-02-05 15:55:33.874	0.00	44.2218	-22.0723	1	292.470001	292.679993
2020-02-05 15:55:34.804	0.00	44.2962	-22.0800	1	292.480011	292.700012
2020-02-05 15:55:35.772	0.00	44.2735	-22.0852	1	292.470001	292.690002
2020-02-05 15:55:36.695	0.00	44.3186	-22.0702	1	292.470001	292.679993
2020-02-05 15:55:37.606	0.00	44.4143	-22.0723	1	292.459991	292.690002
2020-02-05 15:55:38.584	0.00	44.4635	-22.0779	1	292.480011	292.679993
2020-02-05 15:55:39.518	0.00	44.4421	-22.0573	1	292.459991	292.690002
2020-02-05 15:55:40.488	0.00	44.3344	-22.0401	1	292.450012	292.690002
2020-02-05 15:55:41.401	0.00	44.3410	-22.0534	1	292.459991	292.700012
2020-02-05 15:55:42.324	0.00	44.4334	-22.0680	1	292.470001	292.679993
2020-02-05 15:55:43.278	0.00	44.4686	-22.0567	1	292.470001	292.700012
2020-02-05 15:55:44.224	0.00	44.5062	-22.0425	1	292.459991	292.700012
2020-02-05 15:55:45.170	0.00	44.4026	-22.0507	1	292.470001	292.690002
2020-02-05 15:55:46.083	0.00	44.5370	-22.0476	1	292.459991	292.700012
2020-02-05 15:55:47.028	0.00	44.5526	-22.0678	1	292.459991	292.700012
2020-02-05 15:55:47.980	0.00	44.6065	-22.0521	1	292.450012	292.679993
2020-02-05 15:55:48.920	0.00	44.6521	-22.0396	1	292.470001	292.679993
2020-02-05 15:55:49.883	0.00	44.6744	-22.0438	1	292.470001	292.679993
2020-02-05 15:55:50.807	0.00	44.7191	-22.0439	1	292.470001	292.679993
2020-02-05 15:55:51.747	0.00	44.6546	-22.0258	1	292.459991	292.690002
2020-02-05 15:55:52.680	0.00	44.6674	-22.0329	1	292.459991	292.679993
2020-02-05 15:55:53.629	0.00	44.5792	-22.0177	1	292.450012	292.700012
2020-02-05 15:55:54.567	0.00	44.5329	-22.0267	1	292.470001	292.670013
2020-02-05 15:55:55.485	0.00	44.5744	-22.0210	1	292.470001	292.690002
2020-02-05 15:55:56.424	0.00	44.4917	-22.0197	1	292.470001	292.700012
2020-02-05 15:55:57.415	0.00	44.4850	-22.0113	1	292.470001	292.679993
2020-02-05 15:55:58.333	0.00	44.5104	-22.0200	1	292.470001	292.679993
2020-02-05 15:55:59.271	0.00	44.5109	-22.0238	1	292.459991	292.679993
2020-02-05 15:56:00.224	0.00	44.5399	-22.0201	1	292.459991	292.679993
2020-02-05 15:56:01.149	0.00	44.4531	-22.0211	1	292.450012	292.690002
2020-02-05 15:56:02.111	0.00	44.5366	-22.0318	1	292.440002	292.679993
2020-02-05 15:56:03.037	0.00	44.4762	-22.0237	1	292.459991	292.679993
2020-02-05 15:56:03.970	0.00	44.5270	-22.0200	1	292.459991	292.690002
2020-02-05 15:56:04.909	0.00	44.5819	-22.0156	1	292.459991	292.679993
2020-02-05 15:56:05.868	0.00	44.4864	-22.0171	1	292.459991	292.679993
