TS	Tilt	Phase	Amplitude	PLL_Locked	TempSensor1	TempSensor2
2020-02-05 17:21:29.037	0.00	91.6119	-20.9046	1	292.480011	292.679993
2020-02-05 17:21:29.953	0.00	91.5554	-20.9083	1	292.480011	292.679993
2020-02-05 17:21:30.893	0.00	91.4444	-20.9121	1	292.489990	292.679993
2020-02-05 17:21:31.846	0.00	91.5960	-20.9070	1	292.500000	292.690002
2020-02-05 17:21:32.780	0.00	91.6154	-20.9206	1	292.480011	292.670013
2020-02-05 17:21:33.745	0.00	91.7307	-20.9233	1	292.480011	292.679993
2020-02-05 17:21:34.674	0.00	91.7681	-20.9258	1	292.489990	292.679993
2020-02-05 17:21:35.591	0.00	91.6867	-20.9229	1	292.470001	292.679993
2020-02-05 17:21:36.559	0.00	91.7481	-20.9210	1	292.470001	292.670013
2020-02-05 17:21:37.475	0.00	91.6314	-20.9212	1	292.480011	292.690002
2020-02-05 17:21:38.440	0.00	91.5533	-20.9294	1	292.470001	292.670013
2020-02-05 17:21:39.375	0.00	91.5819	-20.9339	1	292.480011	292.679993
2020-02-05 17:21:40.316	0.00	91.5019	-20.9310	1	292.459991	292.679993
2020-02-05 17:21:41.262	0.00	91.6744	-20.9324	1	292.470001	292.679993
2020-02-05 17:21:42.201	0.00	91.6145	-20.9370	1	292.489990	292.670013
2020-02-05 17:21:43.139	0.00	91.6645	-20.9366	1	292.480011	292.660004
2020-02-05 17:21:44.057	0.00	91.6195	-20.9328	1	292.480011	292.679993
2020-02-05 17:21:45.027	0.00	91.5924	-20.9219	1	292.489990	292.670013
2020-02-05 17:21:45.972	0.00	91.6524	-20.9246	1	292.489990	292.679993
2020-02-05 17:21:46.889	0.00	91.5367	-20.9332	1	292.489990	292.670013
2020-02-05 17:21:47.846	0.00	91.5669	-20.9296	1	292.470001	292.679993
2020-02-05 17:21:48.798	0.00	91.5225	-20.9311	1	292.489990	292.679993
2020-02-05 17:21:49.728	0.00	91.5781	-20.9344	1	292.489990	292.679993
2020-02-05 17:21:50.678	0.00	91.5897	-20.9290	1	292.480011	292.679993
2020-02-05 17:21:51.611	0.00	91.4538	-20.9180	1	292.489990	292.679993
2020-02-05 17:21:52.538	0.00	91.4867	-20.9298	1	292.489990	292.690002
2020-02-05 17:21:53.484	0.00	91.4424	-20.9353	1	292.480011	292.670013
2020-02-05 17:21:54.417	0.00	91.5125	-20.9342	1	292.500000	292.670013
2020-02-05 17:21:55.383	0.00	91.4609	-20.9367	1	292.489990	292.660004
2020-02-05 17:21:56.267	0.00	91.5062	-20.9393	1	292.489990	292.679993
2020-02-05 17:21:57.239	0.00	91.5427	-20.9439	1	292.480011	292.700012
2020-02-05 17:21:58.160	0.00	91.4592	-20.9380	1	292.500000	292.679993
2020-02-05 17:21:59.111	0.00	91.5189	-20.9291	1	292.489990	292.679993
2020-02-05 17:22:00.040	0.00	91.5106	-20.9340	1	292.480011	292.679993
2020-02-05 17:22:00.972	0.00	91.6091	-20.9359	1	292.489990	292.679993
2020-02-05 17:22:01.904	0.00	91.6073	-20.9380	1	292.480011	292.679993
2020-02-05 17:22:02.851	0.00	91.5907	-20.9337	1	292.489990	292.679993
2020-02-05 17:22:03.815	0.00	91.6605	-20.9377	1	292.480011	292.690002
2020-02-05 17:22:04.729	0.00	91.5221	-20.9354	1	292.480011	292.700012
2020-02-05 17:22:05.703	0.00	91.5768	-20.9408	1	292.489990	292.679993
2020-02-05 17:22:06.612	0.00	91.4326	-20.9439	1	292.489990	292.679993
2020-02-05 17:22:07.572	0.00	91.3312	-20.9377	1	292.489990	292.679993
2020-02-05 17:22:08.521	0.00	91.4369	-20.9365	1	292.480011	292.679993
2020-02-05 17:22:09.452	0.00	91.3872	-20.9380	1	292.489990	292.679993
2020-02-05 17:22:10.419	0.00	91.3771	-20.9486	1	292.480011	292.679993
2020-02-05 17:22:11.341	0.00	91.2744	-20.9493	1	292.500000	292.670013
2020-02-05 17:22:12.290	0.00	91.2891	-20.9437	1	292.489990	292.670013
2020-02-05 17:22:13.215	0.00	91.3195	-20.9473	1	292.489990	292.679993
2020-02-05 17:22:14.155	0.00	91.3175	-20.9434	1	292.489990	292.690002
2020-02-05 17:22:15.115	0.00	91.3194	-20.9453	1	292.489990	292.679993
2020-02-05 17:22:16.035	0.00	91.2321	-20.9441	1	292.489990	292.679993
2020-02-05 17:22:17.007	0.00	91.1685	-20.9496	1	292.480011	292.670013
2020-02-05 17:22:17.939	0.00	91.1604	-20.9465	1	292.489990	292.679993
2020-02-05 17:22:18.863	0.00	91.0257	-20.9518	1	292.489990	292.670013
2020-02-05 17:22:19.811	0.00	91.0581	-20.9450	1	292.489990	292.670013
2020-02-05 17:22:20.739	0.00	91.0528	-20.9357	1	292.489990	292.670013
2020-02-05 17:22:21.696	0.00	91.1089	-20.9441	1	292.489990	292.679993
2020-02-05 17:22:22.641	0.00	91.2150	-20.9421	1	292.500000	292.679993
2020-02-05 17:22:23.581	0.00	91.1717	-20.9336	1	292.480011	292.679993
2020-02-05 17:22:24.538	0.00	91.3107	-20.9373	1	292.489990	292.679993
2020-02-05 17:22:25.446	0.00	91.3288	-20.9404	1	292.500000	292.679993
2020-02-05 17:22:26.426	0.00	91.4407	-20.9357	1	292.500000	292.679993
2020-02-05 17:22:27.345	0.00	91.5582	-20.9368	1	292.489990	292.679993
2020-02-05 17:22:28.288	0.00	91.5718	-20.9425	1	292.489990	292.679993
2020-02-05 17:22:29.232	0.00	91.6901	-20.9424	1	292.510010	292.679993
2020-02-05 17:22:30.179	0.00	91.5797	-20.9449	1	292.489990	292.679993
2020-02-05 17:22:31.123	0.00	91.5308	-20.9425	1	292.480011	292.670013
2020-02-05 17:22:32.050	0.00	91.4737	-20.9424	1	292.489990	292.670013
2020-02-05 17:22:32.985	0.00	91.3801	-20.9419	1	292.489990	292.679993
2020-02-05 17:22:33.936	0.00	91.4083	-20.9509	1	292.489990	292.670013
2020-02-05 17:22:34.866	0.00	91.2425	-20.9492	1	292.489990	292.679993
2020-02-05 17:22:35.817	0.00	91.2168	-20.9425	1	292.489990	292.670013
2020-02-05 17:22:36.760	0.00	91.2576	-20.9448	1	292.489990	292.670013
2020-02-05 17:22:37.701	0.00	91.1338	-20.9475	1	292.489990	292.679993
2020-02-05 17:22:38.667	0.00	91.1700	-20.9385	1	292.489990	292.670013
2020-02-05 17:22:39.582	0.00	91.1315	-20.9382	1	292.489990	292.679993
2020-02-05 17:22:40.521	0.00	91.2728	-20.9435	1	292.489990	292.679993
2020-02-05 17:22:41.470	0.00	91.3479	-20.9408	1	292.489990	292.679993
2020-02-05 17:22:42.397	0.00	91.3011	-20.9495	1	292.510010	292.670013
2020-02-05 17:22:43.350	0.00	91.4262	-20.9422	1	292.500000	292.690002
2020-02-05 17:22:44.291	0.00	91.2487	-20.9488	1	292.510010	292.679993
2020-02-05 17:22:45.268	0.00	91.2460	-20.9498	1	292.489990	292.679993
2020-02-05 17:22:46.171	0.00	91.2746	-20.9471	1	292.500000	292.679993
2020-02-05 17:22:47.114	0.00	91.2594	-20.9544	1	292.519989	292.679993
2020-02-05 17:22:48.060	0.00	91.3449	-20.9505	1	292.489990	292.670013
2020-02-05 17:22:48.982	0.00	91.2939	-20.9514	1	292.519989	292.679993
2020-02-05 17:22:49.956	0.00	91.3100	-20.9522	1	292.500000	292.670013
2020-02-05 17:22:50.878	0.00	91.2381	-20.9514	1	292.510010	292.690002
2020-02-05 17:22:51.819	0.00	91.1170	-20.9555	1	292.510010	292.670013
2020-02-05 17:22:52.767	0.00	91.2080	-20.9540	1	292.500000	292.690002
2020-02-05 17:22:53.733	0.00	91.1652	-20.9509	1	292.500000	292.679993
2020-02-05 17:22:54.665	0.00	91.1568	-20.9557	1	292.500000	292.700012
2020-02-05 17:22:55.592	0.00	91.1503	-20.9498	1	292.510010	292.679993
2020-02-05 17:22:56.535	0.00	91.0682	-20.9453	1	292.510010	292.690002
2020-02-05 17:22:57.484	0.00	91.1661	-20.9509	1	292.510010	292.690002
2020-02-05 17:22:58.385	0.00	91.0975	-20.9506	1	292.519989	292.690002
2020-02-05 17:22:59.391	0.00	91.0668	-20.9455	1	292.510010	292.690002
2020-02-05 17:23:00.302	0.00	91.1742	-20.9476	1	292.500000	292.690002
2020-02-05 17:23:01.255	0.00	91.1827	-20.9551	1	292.500000	292.679993
2020-02-05 17:23:02.206	0.00	91.2950	-20.9538	1	292.510010	292.690002
2020-02-05 17:23:03.142	0.00	91.2022	-20.9458	1	292.500000	292.679993
2020-02-05 17:23:04.093	0.00	91.3015	-20.9474	1	292.500000	292.690002
2020-02-05 17:23:05.018	0.00	91.3813	-20.9500	1	292.500000	292.679993
2020-02-05 17:23:05.995	0.00	91.3638	-20.9493	1	292.519989	292.679993
2020-02-05 17:23:06.909	0.00	91.4422	-20.9552	1	292.500000	292.670013
2020-02-05 17:23:07.843	0.00	91.4660	-20.9525	1	292.500000	292.670013
2020-02-05 17:23:08.787	0.00	91.4410	-20.9534	1	292.519989	292.670013
2020-02-05 17:23:09.725	0.00	91.5514	-20.9609	1	292.519989	292.679993
2020-02-05 17:23:10.683	0.00	91.5070	-20.9556	1	292.510010	292.679993
2020-02-05 17:23:11.610	0.00	91.5722	-20.9586	1	292.500000	292.690002
2020-02-05 17:23:12.574	0.00	91.5571	-20.9574	1	292.500000	292.690002
2020-02-05 17:23:13.502	0.00	91.4633	-20.9536	1	292.500000	292.679993
2020-02-05 17:23:14.437	0.00	91.5858	-20.9537	1	292.519989	292.679993
2020-02-05 17:23:15.412	0.00	91.5451	-20.9560	1	292.510010	292.690002
2020-02-05 17:23:16.324	0.00	91.5906	-20.9552	1	292.510010	292.679993
2020-02-05 17:23:17.276	0.00	91.6222	-20.9557	1	292.510010	292.679993
2020-02-05 17:23:18.225	0.00	91.6077	-20.9579	1	292.500000	292.679993
2020-02-05 17:23:19.163	0.00	91.8234	-20.9567	1	292.500000	292.690002
2020-02-05 17:23:20.089	0.00	91.7647	-20.9577	1	292.519989	292.679993
2020-02-05 17:23:21.030	0.00	91.7995	-20.9620	1	292.510010	292.690002
2020-02-05 17:23:21.987	0.00	91.7334	-20.9591	1	292.510010	292.679993
2020-02-05 17:23:22.926	0.00	91.5990	-20.9553	1	292.510010	292.690002
2020-02-05 17:23:23.870	0.00	91.6486	-20.9574	1	292.529999	292.679993
2020-02-05 17:23:24.806	0.00	91.5221	-20.9557	1	292.510010	292.679993
2020-02-05 17:23:25.735	0.00	91.5051	-20.9621	1	292.500000	292.700012
2020-02-05 17:23:26.665	0.00	91.3051	-20.9543	1	292.500000	292.679993
2020-02-05 17:23:27.616	0.00	91.2584	-20.9605	1	292.500000	292.679993
2020-02-05 17:23:28.556	0.00	91.2576	-20.9568	1	292.510010	292.709991
2020-02-05 17:23:29.511	0.00	91.2991	-20.9545	1	292.519989	292.690002
2020-02-05 17:23:30.441	0.00	91.4703	-20.9479	1	292.510010	292.690002
2020-02-05 17:23:31.381	0.00	91.4817	-20.9507	1	292.489990	292.690002
2020-02-05 17:23:32.323	0.00	91.5599	-20.9501	1	292.519989	292.690002
2020-02-05 17:23:33.258	0.00	91.5701	-20.9575	1	292.510010	292.679993
2020-02-05 17:23:34.219	0.00	91.5070	-20.9448	1	292.510010	292.690002
2020-02-05 17:23:35.145	0.00	91.5386	-20.9474	1	292.500000	292.690002
2020-02-05 17:23:36.078	0.00	91.4361	-20.9538	1	292.510010	292.679993
2020-02-05 17:23:37.040	0.00	91.5007	-20.9541	1	292.500000	292.679993
2020-02-05 17:23:37.984	0.00	91.4865	-20.9599	1	292.510010	292.679993
2020-02-05 17:23:38.911	0.00	91.4187	-20.9604	1	292.500000	292.700012
2020-02-05 17:23:39.821	0.00	91.5092	-20.9602	1	292.510010	292.690002
2020-02-05 17:23:40.782	0.00	91.4258	-20.9544	1	292.519989	292.679993
2020-02-05 17:23:41.742	0.00	91.5856	-20.9519	1	292.519989	292.679993
2020-02-05 17:23:42.660	0.00	91.6744	-20.9436	1	292.529999	292.690002
2020-02-05 17:23:43.632	0.00	91.6833	-20.9468	1	292.519989	292.690002
2020-02-05 17:23:44.561	0.00	91.7354	-20.9542	1	292.500000	292.690002
2020-02-05 17:23:45.500	0.00	91.6651	-20.9537	1	292.510010	292.679993
2020-02-05 17:23:46.455	0.00	91.7514	-20.9482	1	292.519989	292.679993
2020-02-05 17:23:47.394	0.00	91.7278	-20.9477	1	292.529999	292.690002
2020-02-05 17:23:48.392	0.00	91.6967	-20.9384	1	292.519989	292.679993
2020-02-05 17:23:49.262	0.00	91.8073	-20.9437	1	292.529999	292.679993
2020-02-05 17:23:50.197	0.00	91.7787	-20.9486	1	292.519989	292.690002
2020-02-05 17:23:51.162	0.00	91.8320	-20.9541	1	292.510010	292.679993
2020-02-05 17:23:52.118	0.00	91.8746	-20.9493	1	292.519989	292.690002
2020-02-05 17:23:53.067	0.00	91.8212	-20.9575	1	292.510010	292.679993
2020-02-05 17:23:53.972	0.00	91.8937	-20.9507	1	292.519989	292.690002
2020-02-05 17:23:54.907	0.00	91.7807	-20.9462	1	292.519989	292.679993
2020-02-05 17:23:55.834	0.00	91.8027	-20.9517	1	292.519989	292.679993
2020-02-05 17:23:56.805	0.00	91.7285	-20.9543	1	292.540009	292.679993
2020-02-05 17:23:57.754	0.00	91.6623	-20.9591	1	292.529999	292.679993
2020-02-05 17:23:58.683	0.00	91.7032	-20.9596	1	292.519989	292.679993
2020-02-05 17:23:59.626	0.00	91.6195	-20.9559	1	292.519989	292.679993
2020-02-05 17:24:00.543	0.00	91.7021	-20.9529	1	292.519989	292.679993
2020-02-05 17:24:01.483	0.00	91.6639	-20.9571	1	292.529999	292.700012
2020-02-05 17:24:02.474	0.00	91.6567	-20.9524	1	292.529999	292.690002
2020-02-05 17:24:03.385	0.00	91.6446	-20.9539	1	292.540009	292.679993
2020-02-05 17:24:04.317	0.00	91.5112	-20.9510	1	292.540009	292.690002
2020-02-05 17:24:05.270	0.00	91.5778	-20.9472	1	292.529999	292.690002
2020-02-05 17:24:06.207	0.00	91.5789	-20.9524	1	292.540009	292.679993
2020-02-05 17:24:07.149	0.00	91.6607	-20.9478	1	292.529999	292.700012
2020-02-05 17:24:08.103	0.00	91.6420	-20.9497	1	292.540009	292.690002
2020-02-05 17:24:09.032	0.00	91.5502	-20.9524	1	292.540009	292.690002
2020-02-05 17:24:09.942	0.00	91.5754	-20.9494	1	292.549988	292.690002
2020-02-05 17:24:10.895	0.00	91.5160	-20.9447	1	292.540009	292.679993
2020-02-05 17:24:11.795	0.00	91.6139	-20.9344	1	292.549988	292.679993
2020-02-05 17:24:12.756	0.00	91.5755	-20.9385	1	292.540009	292.690002
2020-02-05 17:24:13.717	0.00	91.6465	-20.9391	1	292.540009	292.679993
2020-02-05 17:24:14.637	0.00	91.5644	-20.9393	1	292.540009	292.700012
2020-02-05 17:24:15.590	0.00	91.6493	-20.9324	1	292.529999	292.679993
2020-02-05 17:24:16.513	0.00	91.6014	-20.9319	1	292.540009	292.700012
2020-02-05 17:24:17.453	0.00	91.5843	-20.9307	1	292.549988	292.690002
2020-02-05 17:24:18.396	0.00	91.5888	-20.9384	1	292.549988	292.700012
2020-02-05 17:24:19.311	0.00	91.5247	-20.9466	1	292.549988	292.690002
2020-02-05 17:24:20.267	0.00	91.5629	-20.9420	1	292.540009	292.700012
2020-02-05 17:24:21.220	0.00	91.3867	-20.9371	1	292.559998	292.690002
2020-02-05 17:24:22.148	0.00	91.3921	-20.9379	1	292.540009	292.700012
2020-02-05 17:24:23.094	0.00	91.3554	-20.9429	1	292.540009	292.700012
2020-02-05 17:24:24.033	0.00	91.3049	-20.9449	1	292.549988	292.690002
2020-02-05 17:24:24.985	0.00	91.4003	-20.9365	1	292.549988	292.700012
2020-02-05 17:24:25.907	0.00	91.3733	-20.9409	1	292.549988	292.709991
2020-02-05 17:24:26.848	0.00	91.5012	-20.9373	1	292.549988	292.690002
2020-02-05 17:24:27.811	0.00	91.5847	-20.9318	1	292.549988	292.700012
2020-02-05 17:24:28.743	0.00	91.5708	-20.9336	1	292.540009	292.690002
2020-02-05 17:24:29.671	0.00	91.6764	-20.9281	1	292.549988	292.700012
2020-02-05 17:24:30.619	0.00	91.5971	-20.9319	1	292.559998	292.700012
2020-02-05 17:24:31.556	0.00	91.6742	-20.9324	1	292.559998	292.700012
2020-02-05 17:24:32.529	0.00	91.6807	-20.9369	1	292.549988	292.700012
2020-02-05 17:24:33.439	0.00	91.6381	-20.9363	1	292.549988	292.690002
2020-02-05 17:24:34.367	0.00	91.7514	-20.9297	1	292.549988	292.700012
2020-02-05 17:24:35.325	0.00	91.6740	-20.9390	1	292.559998	292.679993
2020-02-05 17:24:36.258	0.00	91.7314	-20.9366	1	292.570007	292.690002
2020-02-05 17:24:37.194	0.00	91.5793	-20.9362	1	292.540009	292.690002
2020-02-05 17:24:38.136	0.00	91.5727	-20.9372	1	292.559998	292.679993
2020-02-05 17:24:39.068	0.00	91.5213	-20.9448	1	292.559998	292.700012
2020-02-05 17:24:40.030	0.00	91.4045	-20.9449	1	292.540009	292.700012
2020-02-05 17:24:40.931	0.00	91.4286	-20.9436	1	292.559998	292.700012
2020-02-05 17:24:41.892	0.00	91.2979	-20.9416	1	292.540009	292.709991
2020-02-05 17:24:42.848	0.00	91.2557	-20.9380	1	292.549988	292.700012
2020-02-05 17:24:43.775	0.00	91.2517	-20.9414	1	292.570007	292.690002
2020-02-05 17:24:44.745	0.00	91.1252	-20.9360	1	292.559998	292.690002
2020-02-05 17:24:45.674	0.00	91.1104	-20.9457	1	292.549988	292.700012
2020-02-05 17:24:46.624	0.00	91.0970	-20.9511	1	292.559998	292.700012
2020-02-05 17:24:47.555	0.00	91.1549	-20.9528	1	292.549988	292.690002
2020-02-05 17:24:48.510	0.00	91.2523	-20.9569	1	292.549988	292.690002
2020-02-05 17:24:49.448	0.00	91.2401	-20.9587	1	292.549988	292.709991
2020-02-05 17:24:50.387	0.00	91.3247	-20.9562	1	292.549988	292.709991
2020-02-05 17:24:51.344	0.00	91.2051	-20.9542	1	292.549988	292.690002
2020-02-05 17:24:52.277	0.00	91.1831	-20.9607	1	292.559998	292.700012
2020-02-05 17:24:53.214	0.00	91.2562	-20.9625	1	292.549988	292.690002
2020-02-05 17:24:54.162	0.00	91.2585	-20.9632	1	292.549988	292.700012
2020-02-05 17:24:55.102	0.00	91.3830	-20.9593	1	292.549988	292.679993
2020-02-05 17:24:56.055	0.00	91.2531	-20.9546	1	292.559998	292.709991
2020-02-05 17:24:56.961	0.00	91.1980	-20.9652	1	292.579987	292.690002
2020-02-05 17:24:57.923	0.00	91.2549	-20.9654	1	292.559998	292.700012
2020-02-05 17:24:58.863	0.00	91.2074	-20.9678	1	292.570007	292.700012
2020-02-05 17:24:59.792	0.00	91.3805	-20.9630	1	292.570007	292.700012
2020-02-05 17:25:00.762	0.00	91.4250	-20.9521	1	292.559998	292.700012
2020-02-05 17:25:01.689	0.00	91.4355	-20.9630	1	292.559998	292.709991
2020-02-05 17:25:02.619	0.00	91.6026	-20.9601	1	292.540009	292.709991
2020-02-05 17:25:03.546	0.00	91.5818	-20.9613	1	292.570007	292.700012
2020-02-05 17:25:04.521	0.00	91.7575	-20.9559	1	292.559998	292.709991
2020-02-05 17:25:05.468	0.00	91.7072	-20.9491	1	292.559998	292.700012
2020-02-05 17:25:06.384	0.00	91.7918	-20.9446	1	292.559998	292.709991
2020-02-05 17:25:07.319	0.00	91.8740	-20.9529	1	292.559998	292.700012
2020-02-05 17:25:08.271	0.00	91.9734	-20.9523	1	292.570007	292.700012
2020-02-05 17:25:09.191	0.00	92.0621	-20.9550	1	292.559998	292.709991
2020-02-05 17:25:10.132	0.00	91.9639	-20.9555	1	292.559998	292.690002
2020-02-05 17:25:11.063	0.00	92.0144	-20.9555	1	292.579987	292.700012
2020-02-05 17:25:12.005	0.00	91.8978	-20.9594	1	292.559998	292.709991
2020-02-05 17:25:12.948	0.00	91.9855	-20.9573	1	292.579987	292.730011
2020-02-05 17:25:13.885	0.00	91.9319	-20.9527	1	292.559998	292.709991
2020-02-05 17:25:14.769	0.00	91.8723	-20.9548	1	292.570007	292.720001
2020-02-05 17:25:15.780	0.00	91.8733	-20.9622	1	292.570007	292.700012
2020-02-05 17:25:16.697	0.00	91.8513	-20.9690	1	292.579987	292.709991
2020-02-05 17:25:17.651	0.00	91.9443	-20.9678	1	292.559998	292.709991
2020-02-05 17:25:18.586	0.00	91.9115	-20.9549	1	292.559998	292.700012
2020-02-05 17:25:19.515	0.00	91.8866	-20.9630	1	292.589996	292.700012
2020-02-05 17:25:20.451	0.00	91.9201	-20.9611	1	292.589996	292.709991
2020-02-05 17:25:21.407	0.00	91.9085	-20.9655	1	292.570007	292.709991
2020-02-05 17:25:22.331	0.00	91.9644	-20.9680	1	292.579987	292.700012
2020-02-05 17:25:23.297	0.00	91.7429	-20.9634	1	292.579987	292.700012
2020-02-05 17:25:24.205	0.00	91.7747	-20.9611	1	292.589996	292.690002
2020-02-05 17:25:25.203	0.00	91.8045	-20.9649	1	292.589996	292.709991
2020-02-05 17:25:26.103	0.00	91.7914	-20.9670	1	292.579987	292.709991
2020-02-05 17:25:27.039	0.00	91.9410	-20.9591	1	292.579987	292.720001
2020-02-05 17:25:27.968	0.00	91.8966	-20.9605	1	292.589996	292.700012
2020-02-05 17:25:28.911	0.00	92.0164	-20.9562	1	292.589996	292.720001
2020-02-05 17:25:29.899	0.00	92.0613	-20.9559	1	292.579987	292.709991
2020-02-05 17:25:30.832	0.00	92.0619	-20.9624	1	292.579987	292.709991
2020-02-05 17:25:31.776	0.00	92.2004	-20.9584	1	292.579987	292.709991
2020-02-05 17:25:32.725	0.00	92.1849	-20.9617	1	292.579987	292.709991
2020-02-05 17:25:33.663	0.00	92.2504	-20.9617	1	292.559998	292.720001
2020-02-05 17:25:34.601	0.00	92.2824	-20.9577	1	292.579987	292.700012
2020-02-05 17:25:35.559	0.00	92.1493	-20.9657	1	292.570007	292.720001
2020-02-05 17:25:36.518	0.00	92.2519	-20.9708	1	292.589996	292.720001
2020-02-05 17:25:37.390	0.00	92.2087	-20.9607	1	292.589996	292.709991
2020-02-05 17:25:38.365	0.00	92.2099	-20.9633	1	292.579987	292.709991
2020-02-05 17:25:39.304	0.00	92.1760	-20.9563	1	292.579987	292.700012
2020-02-05 17:25:40.261	0.00	92.0475	-20.9544	1	292.589996	292.709991
2020-02-05 17:25:41.190	0.00	92.0591	-20.9484	1	292.589996	292.709991
2020-02-05 17:25:42.136	0.00	91.9571	-20.9510	1	292.589996	292.709991
2020-02-05 17:25:43.062	0.00	92.0132	-20.9582	1	292.570007	292.709991
2020-02-05 17:25:44.014	0.00	92.0655	-20.9574	1	292.589996	292.709991
2020-02-05 17:25:44.956	0.00	91.9170	-20.9537	1	292.579987	292.709991
2020-02-05 17:25:45.913	0.00	91.9943	-20.9585	1	292.579987	292.690002
2020-02-05 17:25:46.844	0.00	91.9388	-20.9516	1	292.600006	292.709991
2020-02-05 17:25:47.787	0.00	92.0405	-20.9558	1	292.579987	292.700012
2020-02-05 17:25:48.735	0.00	92.0934	-20.9563	1	292.570007	292.720001
2020-02-05 17:25:49.675	0.00	91.9860	-20.9515	1	292.579987	292.700012
2020-02-05 17:25:50.649	0.00	92.0376	-20.9573	1	292.589996	292.709991
2020-02-05 17:25:51.551	0.00	91.9650	-20.9592	1	292.589996	292.709991
2020-02-05 17:25:52.502	0.00	92.0033	-20.9614	1	292.589996	292.700012
2020-02-05 17:25:53.453	0.00	91.9643	-20.9559	1	292.579987	292.709991
2020-02-05 17:25:54.378	0.00	91.7843	-20.9540	1	292.589996	292.709991
2020-02-05 17:25:55.344	0.00	91.7859	-20.9451	1	292.579987	292.720001
2020-02-05 17:25:56.267	0.00	91.6239	-20.9470	1	292.579987	292.700012
2020-02-05 17:25:57.227	0.00	91.5872	-20.9516	1	292.579987	292.709991
2020-02-05 17:25:58.171	0.00	91.6896	-20.9475	1	292.589996	292.709991
2020-02-05 17:25:59.085	0.00	91.6346	-20.9524	1	292.589996	292.709991
2020-02-05 17:26:00.014	0.00	91.6778	-20.9510	1	292.579987	292.709991
2020-02-05 17:26:00.975	0.00	91.6062	-20.9495	1	292.589996	292.709991
2020-02-05 17:26:01.937	0.00	91.6416	-20.9514	1	292.579987	292.700012
2020-02-05 17:26:02.877	0.00	91.7119	-20.9524	1	292.579987	292.700012
2020-02-05 17:26:03.812	0.00	91.6423	-20.9450	1	292.589996	292.709991
2020-02-05 17:26:04.747	0.00	91.7505	-20.9471	1	292.589996	292.720001
2020-02-05 17:26:05.716	0.00	91.7147	-20.9511	1	292.579987	292.709991
2020-02-05 17:26:06.634	0.00	91.7539	-20.9530	1	292.579987	292.709991
2020-02-05 17:26:07.564	0.00	91.7786	-20.9440	1	292.579987	292.709991
2020-02-05 17:26:08.500	0.00	91.6758	-20.9499	1	292.579987	292.709991
2020-02-05 17:26:09.459	0.00	91.7698	-20.9508	1	292.589996	292.720001
2020-02-05 17:26:10.370	0.00	91.6578	-20.9527	1	292.579987	292.700012
2020-02-05 17:26:11.337	0.00	91.7169	-20.9602	1	292.570007	292.720001
2020-02-05 17:26:12.247	0.00	91.5667	-20.9522	1	292.570007	292.720001
2020-02-05 17:26:13.205	0.00	91.5012	-20.9599	1	292.589996	292.730011
2020-02-05 17:26:14.165	0.00	91.5268	-20.9490	1	292.579987	292.709991
2020-02-05 17:26:15.083	0.00	91.3954	-20.9573	1	292.579987	292.720001
2020-02-05 17:26:16.025	0.00	91.3906	-20.9550	1	292.579987	292.709991
2020-02-05 17:26:16.984	0.00	91.3870	-20.9557	1	292.579987	292.709991
2020-02-05 17:26:17.924	0.00	91.3751	-20.9570	1	292.589996	292.709991
2020-02-05 17:26:18.853	0.00	91.4725	-20.9531	1	292.570007	292.709991
2020-02-05 17:26:19.788	0.00	91.3840	-20.9478	1	292.589996	292.720001
2020-02-05 17:26:20.734	0.00	91.4816	-20.9462	1	292.579987	292.720001
2020-02-05 17:26:21.673	0.00	91.4567	-20.9471	1	292.570007	292.709991
2020-02-05 17:26:22.611	0.00	91.5940	-20.9511	1	292.579987	292.720001
2020-02-05 17:26:23.552	0.00	91.6252	-20.9508	1	292.589996	292.709991
2020-02-05 17:26:24.479	0.00	91.6648	-20.9454	1	292.579987	292.709991
2020-02-05 17:26:25.381	0.00	91.8610	-20.9529	1	292.579987	292.720001
2020-02-05 17:26:26.381	0.00	91.7548	-20.9510	1	292.570007	292.709991
2020-02-05 17:26:27.302	0.00	91.7979	-20.9516	1	292.589996	292.709991
2020-02-05 17:26:28.275	0.00	91.7986	-20.9447	1	292.579987	292.709991
2020-02-05 17:26:29.204	0.00	91.8338	-20.9441	1	292.579987	292.700012
2020-02-05 17:26:30.147	0.00	91.9774	-20.9487	1	292.570007	292.709991
2020-02-05 17:26:31.085	0.00	91.9275	-20.9460	1	292.559998	292.709991
2020-02-05 17:26:32.013	0.00	91.9629	-20.9500	1	292.579987	292.709991
2020-02-05 17:26:32.989	0.00	91.9402	-20.9489	1	292.559998	292.709991
2020-02-05 17:26:33.911	0.00	91.8343	-20.9471	1	292.559998	292.709991
2020-02-05 17:26:34.862	0.00	91.8411	-20.9476	1	292.570007	292.709991
2020-02-05 17:26:35.809	0.00	91.7946	-20.9401	1	292.570007	292.709991
2020-02-05 17:26:36.740	0.00	91.7766	-20.9407	1	292.579987	292.700012
2020-02-05 17:26:37.710	0.00	91.8495	-20.9442	1	292.559998	292.709991
2020-02-05 17:26:38.634	0.00	91.7272	-20.9350	1	292.549988	292.709991
2020-02-05 17:26:39.560	0.00	91.8117	-20.9401	1	292.579987	292.709991
2020-02-05 17:26:40.488	0.00	91.8573	-20.9371	1	292.570007	292.709991
2020-02-05 17:26:41.449	0.00	91.9029	-20.9295	1	292.570007	292.720001
2020-02-05 17:26:42.358	0.00	91.9527	-20.9383	1	292.579987	292.720001
2020-02-05 17:26:43.328	0.00	91.9055	-20.9409	1	292.559998	292.709991
2020-02-05 17:26:44.242	0.00	92.0059	-20.9456	1	292.570007	292.720001
2020-02-05 17:26:45.210	0.00	91.9297	-20.9382	1	292.559998	292.700012
2020-02-05 17:26:46.146	0.00	91.9042	-20.9396	1	292.559998	292.709991
2020-02-05 17:26:47.061	0.00	91.7904	-20.9393	1	292.579987	292.730011
2020-02-05 17:26:48.019	0.00	91.7939	-20.9405	1	292.570007	292.720001
2020-02-05 17:26:48.953	0.00	91.8150	-20.9334	1	292.540009	292.709991
2020-02-05 17:26:49.877	0.00	91.7617	-20.9430	1	292.570007	292.709991
2020-02-05 17:26:50.806	0.00	91.8097	-20.9401	1	292.559998	292.709991
2020-02-05 17:26:51.750	0.00	91.7491	-20.9378	1	292.549988	292.700012
2020-02-05 17:26:52.698	0.00	91.7457	-20.9440	1	292.559998	292.709991
2020-02-05 17:26:53.618	0.00	91.6271	-20.9367	1	292.579987	292.709991
2020-02-05 17:26:54.573	0.00	91.5801	-20.9409	1	292.559998	292.709991
2020-02-05 17:26:55.491	0.00	91.4968	-20.9420	1	292.559998	292.700012
2020-02-05 17:26:56.436	0.00	91.4631	-20.9444	1	292.559998	292.700012
2020-02-05 17:26:57.378	0.00	91.4678	-20.9496	1	292.570007	292.709991
2020-02-05 17:26:58.326	0.00	91.4490	-20.9449	1	292.570007	292.720001
2020-02-05 17:26:59.252	0.00	91.5754	-20.9389	1	292.570007	292.709991
2020-02-05 17:27:00.191	0.00	91.5717	-20.9406	1	292.549988	292.709991
2020-02-05 17:27:01.112	0.00	91.6373	-20.9424	1	292.549988	292.709991
2020-02-05 17:27:02.074	0.00	91.6539	-20.9345	1	292.549988	292.709991
2020-02-05 17:27:03.007	0.00	91.6877	-20.9296	1	292.559998	292.700012
2020-02-05 17:27:03.935	0.00	91.6842	-20.9361	1	292.559998	292.700012
2020-02-05 17:27:04.875	0.00	91.6151	-20.9317	1	292.579987	292.709991
2020-02-05 17:27:05.831	0.00	91.6807	-20.9370	1	292.570007	292.700012
2020-02-05 17:27:06.746	0.00	91.5905	-20.9365	1	292.570007	292.700012
2020-02-05 17:27:07.682	0.00	91.6674	-20.9389	1	292.559998	292.709991
2020-02-05 17:27:08.649	0.00	91.7958	-20.9397	1	292.559998	292.709991
2020-02-05 17:27:09.580	0.00	91.7621	-20.9342	1	292.549988	292.720001
2020-02-05 17:27:10.497	0.00	91.8398	-20.9358	1	292.559998	292.709991
2020-02-05 17:27:11.463	0.00	91.8151	-20.9332	1	292.549988	292.709991
2020-02-05 17:27:12.392	0.00	91.9334	-20.9321	1	292.549988	292.700012
2020-02-05 17:27:13.350	0.00	91.9478	-20.9275	1	292.549988	292.709991
2020-02-05 17:27:14.272	0.00	91.9048	-20.9357	1	292.559998	292.690002
2020-02-05 17:27:15.223	0.00	91.9197	-20.9305	1	292.549988	292.709991
2020-02-05 17:27:16.170	0.00	91.7884	-20.9301	1	292.540009	292.700012
2020-02-05 17:27:17.115	0.00	91.7942	-20.9231	1	292.559998	292.709991
2020-02-05 17:27:18.058	0.00	91.6860	-20.9284	1	292.549988	292.709991
2020-02-05 17:27:18.999	0.00	91.5660	-20.9278	1	292.540009	292.700012
2020-02-05 17:27:19.941	0.00	91.5462	-20.9292	1	292.540009	292.700012
2020-02-05 17:27:20.875	0.00	91.4909	-20.9300	1	292.549988	292.709991
2020-02-05 17:27:21.821	0.00	91.5986	-20.9244	1	292.549988	292.709991
2020-02-05 17:27:22.758	0.00	91.6158	-20.9183	1	292.549988	292.709991
2020-02-05 17:27:23.703	0.00	91.6179	-20.9251	1	292.540009	292.709991
2020-02-05 17:27:24.646	0.00	91.6929	-20.9265	1	292.529999	292.720001
2020-02-05 17:27:25.610	0.00	91.6577	-20.9240	1	292.549988	292.709991
2020-02-05 17:27:26.571	0.00	91.6817	-20.9250	1	292.540009	292.709991
2020-02-05 17:27:27.473	0.00	91.7090	-20.9300	1	292.559998	292.709991
2020-02-05 17:27:28.416	0.00	91.6007	-20.9314	1	292.540009	292.700012
2020-02-05 17:27:29.363	0.00	91.6018	-20.9280	1	292.540009	292.709991
2020-02-05 17:27:30.315	0.00	91.5004	-20.9318	1	292.529999	292.709991
2020-02-05 17:27:31.248	0.00	91.3833	-20.9331	1	292.540009	292.700012
2020-02-05 17:27:32.191	0.00	91.5189	-20.9368	1	292.540009	292.700012
2020-02-05 17:27:33.122	0.00	91.4556	-20.9429	1	292.540009	292.700012
2020-02-05 17:27:34.042	0.00	91.5800	-20.9457	1	292.540009	292.709991
2020-02-05 17:27:34.990	0.00	91.5726	-20.9428	1	292.529999	292.690002
2020-02-05 17:27:35.944	0.00	91.6814	-20.9452	1	292.529999	292.700012
2020-02-05 17:27:36.881	0.00	91.6583	-20.9490	1	292.529999	292.709991
2020-02-05 17:27:37.827	0.00	91.6331	-20.9473	1	292.529999	292.700012
2020-02-05 17:27:38.768	0.00	91.5802	-20.9390	1	292.519989	292.690002
2020-02-05 17:27:39.694	0.00	91.4363	-20.9376	1	292.540009	292.709991
2020-02-05 17:27:40.630	0.00	91.5704	-20.9331	1	292.519989	292.700012
2020-02-05 17:27:41.594	0.00	91.5602	-20.9339	1	292.540009	292.700012
2020-02-05 17:27:42.511	0.00	91.6477	-20.9330	1	292.529999	292.690002
2020-02-05 17:27:43.485	0.00	91.7363	-20.9430	1	292.540009	292.709991
2020-02-05 17:27:44.410	0.00	91.7579	-20.9370	1	292.529999	292.709991
2020-02-05 17:27:45.337	0.00	91.8048	-20.9372	1	292.540009	292.709991
2020-02-05 17:27:46.300	0.00	91.8063	-20.9322	1	292.540009	292.709991
2020-02-05 17:27:47.220	0.00	91.8874	-20.9306	1	292.529999	292.700012
2020-02-05 17:27:48.171	0.00	91.9750	-20.9290	1	292.529999	292.690002
2020-02-05 17:27:49.119	0.00	91.9738	-20.9326	1	292.529999	292.690002
2020-02-05 17:27:50.052	0.00	92.0623	-20.9294	1	292.549988	292.709991
2020-02-05 17:27:51.008	0.00	91.9626	-20.9318	1	292.540009	292.700012
2020-02-05 17:27:51.928	0.00	91.9996	-20.9324	1	292.529999	292.709991
2020-02-05 17:27:52.868	0.00	91.8517	-20.9339	1	292.529999	292.709991
2020-02-05 17:27:53.827	0.00	91.8785	-20.9407	1	292.529999	292.700012
2020-02-05 17:27:54.746	0.00	91.9081	-20.9374	1	292.529999	292.700012
2020-02-05 17:27:55.688	0.00	91.9308	-20.9359	1	292.529999	292.700012
2020-02-05 17:27:56.604	0.00	92.0089	-20.9325	1	292.540009	292.700012
2020-02-05 17:27:57.572	0.00	91.9491	-20.9394	1	292.529999	292.700012
2020-02-05 17:27:58.520	0.00	92.0047	-20.9404	1	292.529999	292.700012
2020-02-05 17:27:59.454	0.00	91.8805	-20.9348	1	292.529999	292.709991
2020-02-05 17:28:00.393	0.00	91.8534	-20.9313	1	292.519989	292.709991
2020-02-05 17:28:01.338	0.00	91.8794	-20.9349	1	292.519989	292.709991
2020-02-05 17:28:02.280	0.00	91.7689	-20.9416	1	292.529999	292.709991
2020-02-05 17:28:03.220	0.00	91.7386	-20.9384	1	292.519989	292.709991
2020-02-05 17:28:04.157	0.00	91.6689	-20.9284	1	292.510010	292.679993
2020-02-05 17:28:05.134	0.00	91.6493	-20.9306	1	292.519989	292.709991
2020-02-05 17:28:06.034	0.00	91.7074	-20.9242	1	292.519989	292.709991
2020-02-05 17:28:06.991	0.00	91.5647	-20.9269	1	292.519989	292.709991
2020-02-05 17:28:07.933	0.00	91.4743	-20.9273	1	292.519989	292.709991
2020-02-05 17:28:08.854	0.00	91.5302	-20.9278	1	292.519989	292.700012
2020-02-05 17:28:09.823	0.00	91.4460	-20.9255	1	292.519989	292.709991
2020-02-05 17:28:10.765	0.00	91.4998	-20.9235	1	292.519989	292.690002
2020-02-05 17:28:11.679	0.00	91.4628	-20.9262	1	292.510010	292.700012
2020-02-05 17:28:12.639	0.00	91.4663	-20.9255	1	292.519989	292.700012
2020-02-05 17:28:13.559	0.00	91.3434	-20.9237	1	292.519989	292.700012
2020-02-05 17:28:14.476	0.00	91.4416	-20.9250	1	292.510010	292.709991
2020-02-05 17:28:15.448	0.00	91.4446	-20.9296	1	292.500000	292.709991
2020-02-05 17:28:16.358	0.00	91.4780	-20.9311	1	292.519989	292.709991
2020-02-05 17:28:17.300	0.00	91.4646	-20.9286	1	292.510010	292.709991
2020-02-05 17:28:18.249	0.00	91.3532	-20.9274	1	292.519989	292.709991
2020-02-05 17:28:19.186	0.00	91.4513	-20.9256	1	292.519989	292.700012
2020-02-05 17:28:20.128	0.00	91.4739	-20.9283	1	292.500000	292.679993
2020-02-05 17:28:21.070	0.00	91.6126	-20.9268	1	292.510010	292.700012
2020-02-05 17:28:21.995	0.00	91.6566	-20.9278	1	292.510010	292.709991
2020-02-05 17:28:22.949	0.00	91.6396	-20.9351	1	292.500000	292.700012
2020-02-05 17:28:23.883	0.00	91.7208	-20.9329	1	292.510010	292.709991
2020-02-05 17:28:24.847	0.00	91.5586	-20.9325	1	292.489990	292.709991
2020-02-05 17:28:25.776	0.00	91.5729	-20.9287	1	292.519989	292.709991
2020-02-05 17:28:26.722	0.00	91.5416	-20.9234	1	292.500000	292.700012
2020-02-05 17:28:27.672	0.00	91.4686	-20.9313	1	292.489990	292.709991
2020-02-05 17:28:28.592	0.00	91.4563	-20.9290	1	292.489990	292.709991
2020-02-05 17:28:29.559	0.00	91.3187	-20.9305	1	292.510010	292.700012
2020-02-05 17:28:30.477	0.00	91.2993	-20.9325	1	292.500000	292.709991
2020-02-05 17:28:31.420	0.00	91.1660	-20.9327	1	292.510010	292.700012
2020-02-05 17:28:32.366	0.00	91.1364	-20.9304	1	292.519989	292.709991
2020-02-05 17:28:33.278	0.00	91.2332	-20.9319	1	292.489990	292.700012
2020-02-05 17:28:34.230	0.00	91.2188	-20.9369	1	292.489990	292.720001
2020-02-05 17:28:35.168	0.00	91.3895	-20.9343	1	292.480011	292.709991
2020-02-05 17:28:36.102	0.00	91.2944	-20.9336	1	292.510010	292.709991
2020-02-05 17:28:37.045	0.00	91.5046	-20.9319	1	292.489990	292.709991
2020-02-05 17:28:37.980	0.00	91.5247	-20.9252	1	292.489990	292.700012
2020-02-05 17:28:38.933	0.00	91.5153	-20.9290	1	292.489990	292.700012
2020-02-05 17:28:39.875	0.00	91.5854	-20.9303	1	292.489990	292.700012
2020-02-05 17:28:40.813	0.00	91.5370	-20.9329	1	292.489990	292.720001
2020-02-05 17:28:41.755	0.00	91.6158	-20.9297	1	292.489990	292.700012
2020-02-05 17:28:42.653	0.00	91.5941	-20.9264	1	292.510010	292.709991
2020-02-05 17:28:43.627	0.00	91.6378	-20.9307	1	292.489990	292.709991
2020-02-05 17:28:44.573	0.00	91.6511	-20.9278	1	292.489990	292.700012
2020-02-05 17:28:45.506	0.00	91.5275	-20.9351	1	292.489990	292.709991
2020-02-05 17:28:46.459	0.00	91.5622	-20.9343	1	292.489990	292.709991
2020-02-05 17:28:47.403	0.00	91.5127	-20.9328	1	292.470001	292.720001
2020-02-05 17:28:48.346	0.00	91.5572	-20.9380	1	292.480011	292.700012
2020-02-05 17:28:49.293	0.00	91.5403	-20.9383	1	292.489990	292.690002
2020-02-05 17:28:50.215	0.00	91.5019	-20.9347	1	292.480011	292.700012
2020-02-05 17:28:51.160	0.00	91.5836	-20.9311	1	292.489990	292.690002
2020-02-05 17:28:52.088	0.00	91.4869	-20.9338	1	292.489990	292.709991
2020-02-05 17:28:53.035	0.00	91.5766	-20.9401	1	292.489990	292.700012
2020-02-05 17:28:53.989	0.00	91.5901	-20.9364	1	292.489990	292.690002
2020-02-05 17:28:54.882	0.00	91.6307	-20.9383	1	292.489990	292.700012
2020-02-05 17:28:55.855	0.00	91.6950	-20.9400	1	292.489990	292.709991
2020-02-05 17:28:56.790	0.00	91.6824	-20.9356	1	292.489990	292.709991
2020-02-05 17:28:57.747	0.00	91.7823	-20.9347	1	292.489990	292.700012
2020-02-05 17:28:58.677	0.00	91.7343	-20.9329	1	292.489990	292.690002
2020-02-05 17:28:59.613	0.00	91.7677	-20.9339	1	292.489990	292.700012
2020-02-05 17:29:00.552	0.00	91.7911	-20.9280	1	292.489990	292.709991
2020-02-05 17:29:01.512	0.00	91.7024	-20.9298	1	292.489990	292.709991
2020-02-05 17:29:02.453	0.00	91.6743	-20.9293	1	292.489990	292.690002
2020-02-05 17:29:03.391	0.00	91.5593	-20.9309	1	292.489990	292.700012
2020-02-05 17:29:04.324	0.00	91.5792	-20.9241	1	292.489990	292.690002
2020-02-05 17:29:05.260	0.00	91.6699	-20.9222	1	292.489990	292.700012
2020-02-05 17:29:06.200	0.00	91.6306	-20.9234	1	292.480011	292.690002
2020-02-05 17:29:07.154	0.00	91.7945	-20.9251	1	292.480011	292.700012
2020-02-05 17:29:08.092	0.00	91.7746	-20.9233	1	292.489990	292.709991
2020-02-05 17:29:09.031	0.00	91.8400	-20.9242	1	292.489990	292.700012
2020-02-05 17:29:09.965	0.00	91.8425	-20.9224	1	292.480011	292.700012
2020-02-05 17:29:10.917	0.00	91.7292	-20.9243	1	292.489990	292.709991
2020-02-05 17:29:11.875	0.00	91.8284	-20.9229	1	292.480011	292.709991
2020-02-05 17:29:12.799	0.00	91.7019	-20.9294	1	292.480011	292.700012
2020-02-05 17:29:13.738	0.00	91.7783	-20.9232	1	292.480011	292.709991
2020-02-05 17:29:14.673	0.00	91.8094	-20.9233	1	292.489990	292.700012
2020-02-05 17:29:15.650	0.00	91.7814	-20.9252	1	292.489990	292.700012
2020-02-05 17:29:16.560	0.00	91.8653	-20.9245	1	292.480011	292.720001
2020-02-05 17:29:17.503	0.00	91.8514	-20.9268	1	292.470001	292.709991
2020-02-05 17:29:18.436	0.00	91.9610	-20.9267	1	292.500000	292.700012
2020-02-05 17:29:19.388	0.00	91.9536	-20.9217	1	292.489990	292.709991
2020-02-05 17:29:20.317	0.00	91.9621	-20.9251	1	292.489990	292.709991
2020-02-05 17:29:21.254	0.00	91.9749	-20.9246	1	292.480011	292.709991
2020-02-05 17:29:22.199	0.00	91.9122	-20.9191	1	292.480011	292.690002
2020-02-05 17:29:23.145	0.00	91.9515	-20.9188	1	292.480011	292.690002
2020-02-05 17:29:24.072	0.00	91.8985	-20.9189	1	292.489990	292.700012
2020-02-05 17:29:25.020	0.00	91.9540	-20.9137	1	292.489990	292.690002
2020-02-05 17:29:25.945	0.00	91.9693	-20.9186	1	292.489990	292.700012
2020-02-05 17:29:26.895	0.00	91.8596	-20.9175	1	292.480011	292.700012
2020-02-05 17:29:27.842	0.00	91.9319	-20.9147	1	292.480011	292.700012
2020-02-05 17:29:28.789	0.00	91.8522	-20.9228	1	292.500000	292.700012
2020-02-05 17:29:29.728	0.00	91.9278	-20.9141	1	292.480011	292.700012
2020-02-05 17:29:30.673	0.00	91.8308	-20.9144	1	292.489990	292.709991
2020-02-05 17:29:31.598	0.00	91.7980	-20.9245	1	292.489990	292.709991
2020-02-05 17:29:32.557	0.00	91.8644	-20.9231	1	292.489990	292.709991
2020-02-05 17:29:33.478	0.00	91.7614	-20.9228	1	292.480011	292.700012
2020-02-05 17:29:34.450	0.00	91.7954	-20.9195	1	292.470001	292.700012
2020-02-05 17:29:35.364	0.00	91.7458	-20.9194	1	292.480011	292.690002
2020-02-05 17:29:36.305	0.00	91.7571	-20.9207	1	292.470001	292.700012
2020-02-05 17:29:37.267	0.00	91.7463	-20.9232	1	292.489990	292.700012
2020-02-05 17:29:38.195	0.00	91.6787	-20.9249	1	292.480011	292.709991
2020-02-05 17:29:39.126	0.00	91.7022	-20.9203	1	292.480011	292.700012
2020-02-05 17:29:40.038	0.00	91.5989	-20.9237	1	292.470001	292.709991
2020-02-05 17:29:41.005	0.00	91.5965	-20.9247	1	292.489990	292.709991
2020-02-05 17:29:41.972	0.00	91.4866	-20.9257	1	292.470001	292.690002
2020-02-05 17:29:42.928	0.00	91.3937	-20.9267	1	292.480011	292.700012
2020-02-05 17:29:43.824	0.00	91.4954	-20.9269	1	292.480011	292.700012
2020-02-05 17:29:44.780	0.00	91.4142	-20.9282	1	292.480011	292.700012
2020-02-05 17:29:45.689	0.00	91.4913	-20.9275	1	292.489990	292.700012
2020-02-05 17:29:46.667	0.00	91.4628	-20.9299	1	292.489990	292.709991
2020-02-05 17:29:47.591	0.00	91.4369	-20.9334	1	292.489990	292.709991
2020-02-05 17:29:48.523	0.00	91.4658	-20.9340	1	292.489990	292.700012
2020-02-05 17:29:49.476	0.00	91.3437	-20.9344	1	292.489990	292.709991
2020-02-05 17:29:50.403	0.00	91.4217	-20.9339	1	292.489990	292.700012
2020-02-05 17:29:51.354	0.00	91.3363	-20.9403	1	292.489990	292.690002
2020-02-05 17:29:52.291	0.00	91.3871	-20.9348	1	292.500000	292.700012
2020-02-05 17:29:53.225	0.00	91.4849	-20.9329	1	292.489990	292.690002
2020-02-05 17:29:54.195	0.00	91.5080	-20.9386	1	292.480011	292.690002
2020-02-05 17:29:55.161	0.00	91.5862	-20.9361	1	292.500000	292.700012
2020-02-05 17:29:56.044	0.00	91.4570	-20.9361	1	292.489990	292.700012
2020-02-05 17:29:57.007	0.00	91.4153	-20.9343	1	292.489990	292.709991
2020-02-05 17:29:57.974	0.00	91.5025	-20.9357	1	292.489990	292.700012
2020-02-05 17:29:58.887	0.00	91.4716	-20.9310	1	292.500000	292.700012
2020-02-05 17:29:59.823	0.00	91.6502	-20.9325	1	292.480011	292.690002
2020-02-05 17:30:00.787	0.00	91.6619	-20.9333	1	292.480011	292.709991
2020-02-05 17:30:01.709	0.00	91.6631	-20.9309	1	292.489990	292.709991
2020-02-05 17:30:02.660	0.00	91.6394	-20.9294	1	292.500000	292.709991
2020-02-05 17:30:03.618	0.00	91.6310	-20.9291	1	292.480011	292.709991
2020-02-05 17:30:04.530	0.00	91.7371	-20.9302	1	292.480011	292.690002
2020-02-05 17:30:05.497	0.00	91.6865	-20.9301	1	292.489990	292.700012
2020-02-05 17:30:06.416	0.00	91.6949	-20.9320	1	292.489990	292.700012
2020-02-05 17:30:07.351	0.00	91.6856	-20.9353	1	292.489990	292.709991
2020-02-05 17:30:08.305	0.00	91.5662	-20.9338	1	292.480011	292.709991
2020-02-05 17:30:09.207	0.00	91.6990	-20.9328	1	292.480011	292.700012
2020-02-05 17:30:10.182	0.00	91.6908	-20.9314	1	292.489990	292.700012
2020-02-05 17:30:11.142	0.00	91.7705	-20.9332	1	292.480011	292.709991
2020-02-05 17:30:12.057	0.00	91.7775	-20.9324	1	292.480011	292.709991
2020-02-05 17:30:13.033	0.00	91.7643	-20.9295	1	292.489990	292.709991
2020-02-05 17:30:13.953	0.00	91.8534	-20.9289	1	292.489990	292.700012
2020-02-05 17:30:14.903	0.00	91.7747	-20.9335	1	292.489990	292.709991
2020-02-05 17:30:15.835	0.00	91.7373	-20.9326	1	292.500000	292.700012
2020-02-05 17:30:16.764	0.00	91.6891	-20.9316	1	292.480011	292.709991
2020-02-05 17:30:17.724	0.00	91.5882	-20.9345	1	292.510010	292.700012
2020-02-05 17:30:18.654	0.00	91.6088	-20.9332	1	292.489990	292.720001
2020-02-05 17:30:19.616	0.00	91.4915	-20.9364	1	292.480011	292.690002
2020-02-05 17:30:20.537	0.00	91.5462	-20.9377	1	292.489990	292.709991
2020-02-05 17:30:21.473	0.00	91.4842	-20.9386	1	292.489990	292.700012
2020-02-05 17:30:22.437	0.00	91.3697	-20.9383	1	292.500000	292.690002
2020-02-05 17:30:23.361	0.00	91.3896	-20.9363	1	292.500000	292.700012
2020-02-05 17:30:24.328	0.00	91.3338	-20.9358	1	292.500000	292.700012
2020-02-05 17:30:25.260	0.00	91.4397	-20.9325	1	292.500000	292.690002
2020-02-05 17:30:26.201	0.00	91.4963	-20.9327	1	292.500000	292.709991
2020-02-05 17:30:27.139	0.00	91.4182	-20.9313	1	292.500000	292.700012
2020-02-05 17:30:28.093	0.00	91.5045	-20.9341	1	292.489990	292.700012
2020-02-05 17:30:29.045	0.00	91.5001	-20.9363	1	292.489990	292.709991
2020-02-05 17:30:29.977	0.00	91.5442	-20.9351	1	292.489990	292.700012
2020-02-05 17:30:30.932	0.00	91.5799	-20.9385	1	292.489990	292.700012
2020-02-05 17:30:31.854	0.00	91.4876	-20.9339	1	292.510010	292.700012
2020-02-05 17:30:32.795	0.00	91.6022	-20.9360	1	292.510010	292.700012
2020-02-05 17:30:33.739	0.00	91.5062	-20.9372	1	292.519989	292.700012
2020-02-05 17:30:34.658	0.00	91.5596	-20.9338	1	292.510010	292.700012
2020-02-05 17:30:35.617	0.00	91.7183	-20.9360	1	292.519989	292.700012
2020-02-05 17:30:36.551	0.00	91.7047	-20.9340	1	292.519989	292.700012
2020-02-05 17:30:37.510	0.00	91.7850	-20.9367	1	292.510010	292.700012
2020-02-05 17:30:38.443	0.00	91.6559	-20.9378	1	292.519989	292.700012
2020-02-05 17:30:39.365	0.00	91.7644	-20.9337	1	292.519989	292.709991
2020-02-05 17:30:40.297	0.00	91.7851	-20.9357	1	292.540009	292.700012
2020-02-05 17:30:41.239	0.00	91.8216	-20.9333	1	292.519989	292.690002
2020-02-05 17:30:42.179	0.00	91.8746	-20.9337	1	292.519989	292.709991
2020-02-05 17:30:43.135	0.00	91.7587	-20.9320	1	292.500000	292.709991
2020-02-05 17:30:44.067	0.00	91.8547	-20.9327	1	292.519989	292.690002
2020-02-05 17:30:44.994	0.00	91.7930	-20.9333	1	292.519989	292.709991
2020-02-05 17:30:45.959	0.00	91.8801	-20.9327	1	292.519989	292.700012
2020-02-05 17:30:46.901	0.00	91.9506	-20.9309	1	292.519989	292.690002
2020-02-05 17:30:47.857	0.00	91.9787	-20.9325	1	292.529999	292.709991
2020-02-05 17:30:48.756	0.00	92.1082	-20.9322	1	292.519989	292.700012
2020-02-05 17:30:49.710	0.00	92.1309	-20.9294	1	292.529999	292.709991
2020-02-05 17:30:50.642	0.00	92.1804	-20.9283	1	292.540009	292.690002
2020-02-05 17:30:51.599	0.00	92.2015	-20.9325	1	292.529999	292.709991
2020-02-05 17:30:52.585	0.00	92.1495	-20.9329	1	292.540009	292.709991
2020-02-05 17:30:53.460	0.00	92.2346	-20.9292	1	292.529999	292.709991
2020-02-05 17:30:54.415	0.00	92.1322	-20.9246	1	292.540009	292.700012
2020-02-05 17:30:55.435	0.00	92.1977	-20.9260	1	292.540009	292.690002
2020-02-05 17:30:56.297	0.00	92.2388	-20.9248	1	292.519989	292.709991
2020-02-05 17:30:57.257	0.00	92.2196	-20.9278	1	292.540009	292.709991
2020-02-05 17:30:58.193	0.00	92.3321	-20.9196	1	292.529999	292.700012
2020-02-05 17:30:59.138	0.00	92.3010	-20.9252	1	292.529999	292.700012
2020-02-05 17:31:00.077	0.00	92.3656	-20.9221	1	292.529999	292.690002
2020-02-05 17:31:01.022	0.00	92.3348	-20.9206	1	292.519989	292.700012
2020-02-05 17:31:01.955	0.00	92.3364	-20.9219	1	292.540009	292.690002
2020-02-05 17:31:02.897	0.00	92.3686	-20.9218	1	292.529999	292.700012
2020-02-05 17:31:03.817	0.00	92.2632	-20.9237	1	292.540009	292.690002
2020-02-05 17:31:04.782	0.00	92.2595	-20.9210	1	292.529999	292.679993
2020-02-05 17:31:05.701	0.00	92.1319	-20.9231	1	292.540009	292.709991
2020-02-05 17:31:06.637	0.00	92.1701	-20.9200	1	292.549988	292.690002
2020-02-05 17:31:07.601	0.00	92.2040	-20.9206	1	292.540009	292.700012
2020-02-05 17:31:08.527	0.00	92.2040	-20.9206	1	292.529999	292.700012
2020-02-05 17:31:10.532	0.00	92.2040	-20.9206	1	292.529999	292.700012
2020-02-05 17:31:12.533	0.00	92.2040	-20.9206	1	292.529999	292.700012
2020-02-05 17:31:14.536	0.00	92.2040	-20.9206	1	292.529999	292.700012
2020-02-05 17:31:16.537	0.00	92.2040	-20.9206	1	292.529999	292.700012
2020-02-05 17:31:18.539	0.00	92.2280	-20.9202	1	292.529999	292.679993
2020-02-05 17:31:20.542	0.00	92.1732	-20.9219	1	292.540009	292.690002
2020-02-05 17:31:22.543	0.00	92.1966	-20.9233	1	292.540009	292.690002
2020-02-05 17:31:24.510	0.00	92.1831	-20.9235	1	292.529999	292.700012
2020-02-05 17:31:25.470	0.00	92.3375	-20.9228	1	292.519989	292.709991
2020-02-05 17:31:26.416	0.00	92.3189	-20.9202	1	292.529999	292.690002
2020-02-05 17:31:27.346	0.00	92.3224	-20.9199	1	292.540009	292.709991
2020-02-05 17:31:28.291	0.00	92.3675	-20.9234	1	292.529999	292.700012
2020-02-05 17:31:29.241	0.00	92.2597	-20.9232	1	292.529999	292.709991
2020-02-05 17:31:30.172	0.00	92.2501	-20.9240	1	292.519989	292.700012
2020-02-05 17:31:31.133	0.00	92.1774	-20.9214	1	292.529999	292.700012
2020-02-05 17:31:32.064	0.00	92.1276	-20.9224	1	292.519989	292.700012
2020-02-05 17:31:33.022	0.00	92.1713	-20.9236	1	292.519989	292.709991
2020-02-05 17:31:33.946	0.00	92.0368	-20.9245	1	292.529999	292.709991
2020-02-05 17:31:34.892	0.00	92.0365	-20.9228	1	292.540009	292.700012
2020-02-05 17:31:35.831	0.00	91.9553	-20.9251	1	292.519989	292.700012
2020-02-05 17:31:36.787	0.00	91.8640	-20.9274	1	292.519989	292.709991
2020-02-05 17:31:37.708	0.00	91.8894	-20.9256	1	292.529999	292.690002
2020-02-05 17:31:38.649	0.00	91.7757	-20.9300	1	292.529999	292.709991
2020-02-05 17:31:39.590	0.00	91.8164	-20.9283	1	292.529999	292.709991
2020-02-05 17:31:40.535	0.00	91.7684	-20.9323	1	292.529999	292.709991
2020-02-05 17:31:41.486	0.00	91.7692	-20.9337	1	292.529999	292.720001
2020-02-05 17:31:42.434	0.00	91.7929	-20.9296	1	292.540009	292.709991
2020-02-05 17:31:43.359	0.00	91.7548	-20.9308	1	292.529999	292.720001
2020-02-05 17:31:44.297	0.00	91.8675	-20.9322	1	292.519989	292.720001
2020-02-05 17:31:45.244	0.00	91.9395	-20.9326	1	292.529999	292.700012
2020-02-05 17:31:46.195	0.00	91.8619	-20.9301	1	292.519989	292.690002
2020-02-05 17:31:47.156	0.00	91.9176	-20.9307	1	292.529999	292.700012
2020-02-05 17:31:48.088	0.00	91.9374	-20.9292	1	292.519989	292.709991
2020-02-05 17:31:49.044	0.00	91.9361	-20.9276	1	292.519989	292.720001
2020-02-05 17:31:49.975	0.00	91.9305	-20.9295	1	292.529999	292.700012
2020-02-05 17:31:50.912	0.00	91.8378	-20.9333	1	292.540009	292.709991
2020-02-05 17:31:51.849	0.00	91.9410	-20.9258	1	292.529999	292.700012
2020-02-05 17:31:52.791	0.00	92.0388	-20.9290	1	292.519989	292.720001
2020-02-05 17:31:53.741	0.00	92.1361	-20.9286	1	292.540009	292.700012
2020-02-05 17:31:54.675	0.00	92.2903	-20.9257	1	292.519989	292.720001
2020-02-05 17:31:55.608	0.00	92.2855	-20.9270	1	292.519989	292.709991
2020-02-05 17:31:56.561	0.00	92.3615	-20.9221	1	292.519989	292.700012
2020-02-05 17:31:57.489	0.00	92.2885	-20.9266	1	292.519989	292.700012
2020-02-05 17:31:58.457	0.00	92.3540	-20.9274	1	292.519989	292.709991
2020-02-05 17:31:59.382	0.00	92.3705	-20.9253	1	292.529999	292.709991
2020-02-05 17:32:00.340	0.00	92.2902	-20.9257	1	292.529999	292.700012
2020-02-05 17:32:01.276	0.00	92.3787	-20.9269	1	292.529999	292.709991
2020-02-05 17:32:02.194	0.00	92.2096	-20.9265	1	292.519989	292.700012
2020-02-05 17:32:03.159	0.00	92.1766	-20.9215	1	292.519989	292.700012
2020-02-05 17:32:04.104	0.00	92.2426	-20.9208	1	292.510010	292.709991
2020-02-05 17:32:05.023	0.00	92.2577	-20.9237	1	292.519989	292.700012
2020-02-05 17:32:05.964	0.00	92.3717	-20.9283	1	292.529999	292.709991
2020-02-05 17:32:06.894	0.00	92.3231	-20.9294	1	292.540009	292.709991
2020-02-05 17:32:07.884	0.00	92.1958	-20.9310	1	292.529999	292.700012
2020-02-05 17:32:08.797	0.00	92.1575	-20.9293	1	292.519989	292.720001
2020-02-05 17:32:09.759	0.00	91.9808	-20.9271	1	292.510010	292.709991
2020-02-05 17:32:10.690	0.00	91.9905	-20.9300	1	292.519989	292.709991
2020-02-05 17:32:11.628	0.00	91.8614	-20.9296	1	292.519989	292.709991
2020-02-05 17:32:12.588	0.00	91.7816	-20.9306	1	292.529999	292.709991
2020-02-05 17:32:13.510	0.00	91.8112	-20.9328	1	292.519989	292.709991
2020-02-05 17:32:14.457	0.00	91.7354	-20.9316	1	292.529999	292.720001
2020-02-05 17:32:15.415	0.00	91.7502	-20.9334	1	292.529999	292.709991
2020-02-05 17:32:16.364	0.00	91.6901	-20.9358	1	292.519989	292.720001
2020-02-05 17:32:17.285	0.00	91.6560	-20.9387	1	292.529999	292.709991
2020-02-05 17:32:18.250	0.00	91.7133	-20.9386	1	292.529999	292.709991
2020-02-05 17:32:19.188	0.00	91.6195	-20.9384	1	292.529999	292.700012
2020-02-05 17:32:20.121	0.00	91.6930	-20.9401	1	292.519989	292.720001
2020-02-05 17:32:21.048	0.00	91.5732	-20.9376	1	292.510010	292.709991
2020-02-05 17:32:22.006	0.00	91.5511	-20.9358	1	292.510010	292.709991
2020-02-05 17:32:22.922	0.00	91.5402	-20.9376	1	292.519989	292.720001
2020-02-05 17:32:23.867	0.00	91.5163	-20.9386	1	292.519989	292.720001
2020-02-05 17:32:24.808	0.00	91.6855	-20.9405	1	292.529999	292.720001
2020-02-05 17:32:25.752	0.00	91.6947	-20.9426	1	292.519989	292.709991
2020-02-05 17:32:26.688	0.00	91.6538	-20.9407	1	292.519989	292.720001
2020-02-05 17:32:27.640	0.00	91.5448	-20.9404	1	292.519989	292.720001
2020-02-05 17:32:28.578	0.00	91.4791	-20.9442	1	292.510010	292.700012
2020-02-05 17:32:29.531	0.00	91.6365	-20.9420	1	292.519989	292.720001
2020-02-05 17:32:30.468	0.00	91.6295	-20.9433	1	292.519989	292.709991
2020-02-05 17:32:31.421	0.00	91.7621	-20.9441	1	292.510010	292.720001
2020-02-05 17:32:32.351	0.00	91.8461	-20.9416	1	292.519989	292.720001
2020-02-05 17:32:33.317	0.00	91.7922	-20.9413	1	292.529999	292.709991
2020-02-05 17:32:34.230	0.00	91.8640	-20.9404	1	292.519989	292.700012
2020-02-05 17:32:35.168	0.00	91.7661	-20.9389	1	292.519989	292.720001
2020-02-05 17:32:36.103	0.00	91.8995	-20.9375	1	292.519989	292.709991
2020-02-05 17:32:37.047	0.00	91.8642	-20.9381	1	292.510010	292.720001
2020-02-05 17:32:37.997	0.00	91.8987	-20.9395	1	292.500000	292.709991
2020-02-05 17:32:38.928	0.00	91.8756	-20.9379	1	292.519989	292.720001
2020-02-05 17:32:39.868	0.00	91.7511	-20.9433	1	292.519989	292.709991
2020-02-05 17:32:40.817	0.00	91.7640	-20.9438	1	292.519989	292.720001
2020-02-05 17:32:41.753	0.00	91.7165	-20.9461	1	292.510010	292.709991
2020-02-05 17:32:42.680	0.00	91.7987	-20.9397	1	292.500000	292.720001
2020-02-05 17:32:43.632	0.00	91.8132	-20.9382	1	292.510010	292.709991
2020-02-05 17:32:44.569	0.00	91.7130	-20.9388	1	292.519989	292.709991
2020-02-05 17:32:45.528	0.00	91.7583	-20.9387	1	292.510010	292.709991
2020-02-05 17:32:46.458	0.00	91.5472	-20.9397	1	292.519989	292.709991
2020-02-05 17:32:47.401	0.00	91.5239	-20.9419	1	292.519989	292.709991
2020-02-05 17:32:48.345	0.00	91.4851	-20.9385	1	292.519989	292.709991
2020-02-05 17:32:49.290	0.00	91.4348	-20.9426	1	292.519989	292.709991
2020-02-05 17:32:50.257	0.00	91.5892	-20.9400	1	292.510010	292.709991
2020-02-05 17:32:51.166	0.00	91.5257	-20.9403	1	292.510010	292.709991
2020-02-05 17:32:52.119	0.00	91.5251	-20.9438	1	292.529999	292.709991
2020-02-05 17:32:53.081	0.00	91.5376	-20.9354	1	292.519989	292.709991
2020-02-05 17:32:54.020	0.00	91.3970	-20.9375	1	292.519989	292.700012
2020-02-05 17:32:54.951	0.00	91.4069	-20.9358	1	292.519989	292.690002
2020-02-05 17:32:55.882	0.00	91.3403	-20.9378	1	292.529999	292.709991
2020-02-05 17:32:56.864	0.00	91.3309	-20.9410	1	292.519989	292.709991
2020-02-05 17:32:57.770	0.00	91.3969	-20.9363	1	292.529999	292.709991
2020-02-05 17:32:58.715	0.00	91.2592	-20.9359	1	292.519989	292.720001
2020-02-05 17:32:59.662	0.00	91.3605	-20.9338	1	292.519989	292.709991
2020-02-05 17:33:00.580	0.00	91.3727	-20.9347	1	292.519989	292.700012
2020-02-05 17:33:01.531	0.00	91.3865	-20.9334	1	292.519989	292.720001
2020-02-05 17:33:02.482	0.00	91.4612	-20.9370	1	292.510010	292.709991
2020-02-05 17:33:03.413	0.00	91.3969	-20.9350	1	292.510010	292.709991
2020-02-05 17:33:04.359	0.00	91.4667	-20.9367	1	292.519989	292.709991
2020-02-05 17:33:05.295	0.00	91.4793	-20.9376	1	292.519989	292.709991
2020-02-05 17:33:06.260	0.00	91.3996	-20.9357	1	292.510010	292.720001
2020-02-05 17:33:07.187	0.00	91.3710	-20.9389	1	292.519989	292.709991
2020-02-05 17:33:08.103	0.00	91.2594	-20.9398	1	292.529999	292.720001
2020-02-05 17:33:09.057	0.00	91.4580	-20.9382	1	292.519989	292.720001
2020-02-05 17:33:09.970	0.00	91.4107	-20.9363	1	292.529999	292.709991
2020-02-05 17:33:10.947	0.00	91.4390	-20.9380	1	292.529999	292.709991
2020-02-05 17:33:11.878	0.00	91.4400	-20.9466	1	292.529999	292.709991
2020-02-05 17:33:12.817	0.00	91.4276	-20.9424	1	292.540009	292.709991
2020-02-05 17:33:13.779	0.00	91.4738	-20.9452	1	292.540009	292.720001
2020-02-05 17:33:14.685	0.00	91.3558	-20.9419	1	292.529999	292.690002
2020-02-05 17:33:15.653	0.00	91.4286	-20.9430	1	292.540009	292.720001
2020-02-05 17:33:16.589	0.00	91.4026	-20.9458	1	292.519989	292.709991
2020-02-05 17:33:17.553	0.00	91.4086	-20.9449	1	292.540009	292.709991
2020-02-05 17:33:18.457	0.00	91.4639	-20.9435	1	292.529999	292.709991
2020-02-05 17:33:19.385	0.00	91.3996	-20.9441	1	292.529999	292.700012
2020-02-05 17:33:20.343	0.00	91.5309	-20.9415	1	292.540009	292.730011
2020-02-05 17:33:21.298	0.00	91.4519	-20.9414	1	292.529999	292.700012
2020-02-05 17:33:22.215	0.00	91.5601	-20.9459	1	292.529999	292.709991
2020-02-05 17:33:23.168	0.00	91.5263	-20.9492	1	292.529999	292.709991
2020-02-05 17:33:24.103	0.00	91.5143	-20.9445	1	292.529999	292.720001
2020-02-05 17:33:25.025	0.00	91.5262	-20.9383	1	292.529999	292.720001
2020-02-05 17:33:25.987	0.00	91.4982	-20.9469	1	292.519989	292.720001
2020-02-05 17:33:26.900	0.00	91.5830	-20.9404	1	292.529999	292.720001
2020-02-05 17:33:27.838	0.00	91.4668	-20.9417	1	292.529999	292.730011
2020-02-05 17:33:28.778	0.00	91.4910	-20.9475	1	292.540009	292.709991
2020-02-05 17:33:29.713	0.00	91.4264	-20.9462	1	292.529999	292.720001
2020-02-05 17:33:30.686	0.00	91.4321	-20.9508	1	292.549988	292.720001
2020-02-05 17:33:31.606	0.00	91.3425	-20.9514	1	292.529999	292.709991
2020-02-05 17:33:32.523	0.00	91.1969	-20.9449	1	292.540009	292.720001
2020-02-05 17:33:33.486	0.00	91.2549	-20.9374	1	292.519989	292.730011
2020-02-05 17:33:34.430	0.00	91.2462	-20.9491	1	292.549988	292.730011
2020-02-05 17:33:35.359	0.00	91.3732	-20.9475	1	292.529999	292.720001
2020-02-05 17:33:36.325	0.00	91.4240	-20.9540	1	292.549988	292.709991
2020-02-05 17:33:37.224	0.00	91.5074	-20.9533	1	292.529999	292.709991
2020-02-05 17:33:38.160	0.00	91.5551	-20.9505	1	292.519989	292.720001
2020-02-05 17:33:39.114	0.00	91.4687	-20.9502	1	292.529999	292.720001
2020-02-05 17:33:40.058	0.00	91.5881	-20.9487	1	292.519989	292.720001
2020-02-05 17:33:40.997	0.00	91.5877	-20.9487	1	292.540009	292.720001
2020-02-05 17:33:41.932	0.00	91.5680	-20.9457	1	292.519989	292.709991
2020-02-05 17:33:42.868	0.00	91.5800	-20.9474	1	292.540009	292.709991
2020-02-05 17:33:43.818	0.00	91.5439	-20.9440	1	292.519989	292.709991
2020-02-05 17:33:44.756	0.00	91.6671	-20.9484	1	292.519989	292.709991
2020-02-05 17:33:45.685	0.00	91.6117	-20.9594	1	292.519989	292.709991
2020-02-05 17:33:46.640	0.00	91.6648	-20.9523	1	292.510010	292.709991
2020-02-05 17:33:47.573	0.00	91.7443	-20.9579	1	292.510010	292.709991
2020-02-05 17:33:48.526	0.00	91.7392	-20.9597	1	292.519989	292.720001
2020-02-05 17:33:49.460	0.00	91.9367	-20.9517	1	292.519989	292.709991
2020-02-05 17:33:50.424	0.00	91.9166	-20.9550	1	292.529999	292.709991
2020-02-05 17:33:51.337	0.00	92.0024	-20.9610	1	292.529999	292.709991
2020-02-05 17:33:52.290	0.00	91.9943	-20.9620	1	292.540009	292.700012
2020-02-05 17:33:53.230	0.00	91.9364	-20.9651	1	292.519989	292.709991
2020-02-05 17:33:54.184	0.00	91.9117	-20.9643	1	292.519989	292.709991
2020-02-05 17:33:55.113	0.00	91.7785	-20.9606	1	292.510010	292.720001
2020-02-05 17:33:56.052	0.00	91.9095	-20.9612	1	292.519989	292.709991
2020-02-05 17:33:56.986	0.00	91.9913	-20.9574	1	292.529999	292.730011
2020-02-05 17:33:57.963	0.00	92.0107	-20.9466	1	292.519989	292.709991
2020-02-05 17:33:58.874	0.00	92.0784	-20.9519	1	292.529999	292.730011
2020-02-05 17:33:59.830	0.00	91.9476	-20.9545	1	292.519989	292.730011
2020-02-05 17:34:00.764	0.00	91.9326	-20.9527	1	292.519989	292.730011
2020-02-05 17:34:01.680	0.00	91.9049	-20.9522	1	292.510010	292.720001
2020-02-05 17:34:02.644	0.00	91.8740	-20.9503	1	292.519989	292.720001
2020-02-05 17:34:03.599	0.00	91.9582	-20.9544	1	292.519989	292.720001
2020-02-05 17:34:04.547	0.00	91.9297	-20.9518	1	292.510010	292.709991
2020-02-05 17:34:05.469	0.00	92.1305	-20.9493	1	292.510010	292.720001
2020-02-05 17:34:06.418	0.00	92.1912	-20.9552	1	292.519989	292.709991
2020-02-05 17:34:07.342	0.00	92.2966	-20.9631	1	292.519989	292.720001
2020-02-05 17:34:08.323	0.00	92.3685	-20.9550	1	292.519989	292.720001
2020-02-05 17:34:09.249	0.00	92.2920	-20.9534	1	292.500000	292.700012
2020-02-05 17:34:10.167	0.00	92.3755	-20.9566	1	292.519989	292.700012
2020-02-05 17:34:11.110	0.00	92.2670	-20.9567	1	292.489990	292.730011
2020-02-05 17:34:12.061	0.00	92.2649	-20.9611	1	292.519989	292.709991
2020-02-05 17:34:13.015	0.00	92.3538	-20.9719	1	292.519989	292.720001
2020-02-05 17:34:13.941	0.00	92.2940	-20.9723	1	292.500000	292.709991
2020-02-05 17:34:14.878	0.00	92.3525	-20.9723	1	292.519989	292.709991
2020-02-05 17:34:15.807	0.00	92.2969	-20.9676	1	292.519989	292.720001
2020-02-05 17:34:16.763	0.00	92.3956	-20.9651	1	292.500000	292.720001
2020-02-05 17:34:17.685	0.00	92.3909	-20.9699	1	292.519989	292.730011
2020-02-05 17:34:18.617	0.00	92.3354	-20.9600	1	292.510010	292.720001
2020-02-05 17:34:19.555	0.00	92.2981	-20.9541	1	292.510010	292.709991
2020-02-05 17:34:20.495	0.00	92.2598	-20.9636	1	292.500000	292.709991
2020-02-05 17:34:21.434	0.00	92.4027	-20.9548	1	292.500000	292.709991
2020-02-05 17:34:22.396	0.00	92.3809	-20.9604	1	292.500000	292.730011
2020-02-05 17:34:23.339	0.00	92.5030	-20.9535	1	292.500000	292.709991
2020-02-05 17:34:24.285	0.00	92.6531	-20.9581	1	292.510010	292.709991
2020-02-05 17:34:25.226	0.00	92.6169	-20.9621	1	292.500000	292.730011
2020-02-05 17:34:26.175	0.00	92.7203	-20.9639	1	292.500000	292.720001
2020-02-05 17:34:27.106	0.00	92.6522	-20.9539	1	292.500000	292.709991
2020-02-05 17:34:28.035	0.00	92.7572	-20.9593	1	292.500000	292.720001
2020-02-05 17:34:28.988	0.00	92.7773	-20.9656	1	292.510010	292.709991
2020-02-05 17:34:29.921	0.00	92.7970	-20.9638	1	292.510010	292.720001
2020-02-05 17:34:30.867	0.00	92.9686	-20.9646	1	292.500000	292.709991
2020-02-05 17:34:31.795	0.00	92.9436	-20.9690	1	292.510010	292.720001
2020-02-05 17:34:32.743	0.00	93.0297	-20.9854	1	292.510010	292.709991
2020-02-05 17:34:33.696	0.00	93.1178	-20.9787	1	292.500000	292.720001
2020-02-05 17:34:34.613	0.00	93.0764	-20.9741	1	292.500000	292.720001
2020-02-05 17:34:35.559	0.00	93.1270	-20.9718	1	292.500000	292.709991
2020-02-05 17:34:36.517	0.00	93.0838	-20.9727	1	292.489990	292.730011
2020-02-05 17:34:37.459	0.00	93.0965	-20.9632	1	292.489990	292.720001
2020-02-05 17:34:38.371	0.00	93.0228	-20.9691	1	292.500000	292.720001
2020-02-05 17:34:39.333	0.00	93.0536	-20.9668	1	292.500000	292.720001
2020-02-05 17:34:40.279	0.00	93.1556	-20.9665	1	292.500000	292.720001
2020-02-05 17:34:41.207	0.00	93.1064	-20.9628	1	292.500000	292.730011
2020-02-05 17:34:42.149	0.00	93.2491	-20.9602	1	292.510010	292.720001
2020-02-05 17:34:43.094	0.00	93.1733	-20.9606	1	292.500000	292.730011
2020-02-05 17:34:44.023	0.00	93.1538	-20.9602	1	292.510010	292.720001
2020-02-05 17:34:44.958	0.00	93.1058	-20.9662	1	292.500000	292.720001
2020-02-05 17:34:45.911	0.00	93.0168	-20.9694	1	292.489990	292.720001
2020-02-05 17:34:46.849	0.00	93.1033	-20.9634	1	292.519989	292.730011
2020-02-05 17:34:47.812	0.00	93.0643	-20.9694	1	292.500000	292.730011
2020-02-05 17:34:48.727	0.00	93.1295	-20.9716	1	292.510010	292.730011
2020-02-05 17:34:49.657	0.00	93.1190	-20.9722	1	292.489990	292.730011
2020-02-05 17:34:50.614	0.00	93.0132	-20.9624	1	292.500000	292.730011
2020-02-05 17:34:51.543	0.00	93.0726	-20.9630	1	292.489990	292.730011
2020-02-05 17:34:52.494	0.00	92.8978	-20.9728	1	292.500000	292.730011
2020-02-05 17:34:53.437	0.00	92.7818	-20.9663	1	292.500000	292.730011
2020-02-05 17:34:54.390	0.00	92.7198	-20.9698	1	292.500000	292.720001
2020-02-05 17:34:55.314	0.00	92.6089	-20.9744	1	292.519989	292.730011
2020-02-05 17:34:56.258	0.00	92.6397	-20.9643	1	292.510010	292.730011
2020-02-05 17:34:57.205	0.00	92.5527	-20.9780	1	292.500000	292.730011
2020-02-05 17:34:58.145	0.00	92.6831	-20.9761	1	292.510010	292.709991
2020-02-05 17:34:59.073	0.00	92.6849	-20.9827	1	292.510010	292.730011
2020-02-05 17:35:00.034	0.00	92.7616	-20.9762	1	292.510010	292.720001
2020-02-05 17:35:00.940	0.00	92.7971	-20.9835	1	292.489990	292.730011
2020-02-05 17:35:01.910	0.00	92.7086	-20.9885	1	292.510010	292.720001
2020-02-05 17:35:02.844	0.00	92.7919	-20.9916	1	292.500000	292.730011
2020-02-05 17:35:03.804	0.00	92.7432	-20.9838	1	292.510010	292.720001
2020-02-05 17:35:04.742	0.00	92.7550	-20.9940	1	292.489990	292.730011
2020-02-05 17:35:05.677	0.00	92.7874	-20.9952	1	292.500000	292.709991
2020-02-05 17:35:06.637	0.00	92.7864	-20.9900	1	292.519989	292.730011
2020-02-05 17:35:07.562	0.00	92.8467	-20.9971	1	292.500000	292.730011
2020-02-05 17:35:08.534	0.00	92.7510	-20.9926	1	292.500000	292.730011
2020-02-05 17:35:09.467	0.00	92.6975	-20.9890	1	292.489990	292.730011
2020-02-05 17:35:10.401	0.00	92.7774	-20.9974	1	292.519989	292.730011
2020-02-05 17:35:11.323	0.00	92.7684	-21.0059	1	292.500000	292.720001
2020-02-05 17:35:12.266	0.00	92.7981	-20.9989	1	292.489990	292.730011
2020-02-05 17:35:13.198	0.00	92.6921	-20.9935	1	292.489990	292.730011
2020-02-05 17:35:14.117	0.00	92.6982	-20.9971	1	292.489990	292.709991
2020-02-05 17:35:15.089	0.00	92.7257	-20.9850	1	292.489990	292.730011
2020-02-05 17:35:16.049	0.00	92.5328	-20.9959	1	292.489990	292.730011
2020-02-05 17:35:16.972	0.00	92.5186	-21.0006	1	292.500000	292.739990
2020-02-05 17:35:17.907	0.00	92.3254	-20.9986	1	292.500000	292.730011
2020-02-05 17:35:18.882	0.00	92.3249	-20.9945	1	292.500000	292.730011
2020-02-05 17:35:19.816	0.00	92.2757	-20.9862	1	292.489990	292.730011
2020-02-05 17:35:20.768	0.00	92.2181	-20.9889	1	292.500000	292.720001
2020-02-05 17:35:21.695	0.00	92.2810	-20.9956	1	292.500000	292.730011
2020-02-05 17:35:22.611	0.00	92.2286	-20.9944	1	292.500000	292.720001
2020-02-05 17:35:23.575	0.00	92.3259	-20.9947	1	292.510010	292.709991
2020-02-05 17:35:24.519	0.00	92.3699	-20.9886	1	292.500000	292.730011
2020-02-05 17:35:25.459	0.00	92.2781	-21.0043	1	292.500000	292.730011
2020-02-05 17:35:26.403	0.00	92.3344	-21.0004	1	292.480011	292.730011
2020-02-05 17:35:27.320	0.00	92.2726	-21.0088	1	292.489990	292.720001
2020-02-05 17:35:28.279	0.00	92.2640	-20.9998	1	292.489990	292.720001
2020-02-05 17:35:29.211	0.00	92.1932	-21.0099	1	292.489990	292.730011
2020-02-05 17:35:30.138	0.00	92.0319	-21.0095	1	292.500000	292.730011
2020-02-05 17:35:31.085	0.00	92.0625	-21.0082	1	292.500000	292.720001
2020-02-05 17:35:32.024	0.00	92.0083	-21.0107	1	292.489990	292.730011
2020-02-05 17:35:32.983	0.00	92.1984	-21.0139	1	292.489990	292.720001
2020-02-05 17:35:33.896	0.00	92.2197	-21.0090	1	292.489990	292.730011
2020-02-05 17:35:34.845	0.00	92.3048	-21.0087	1	292.489990	292.720001
2020-02-05 17:35:35.794	0.00	92.4097	-21.0076	1	292.489990	292.730011
2020-02-05 17:35:36.756	0.00	92.3212	-20.9986	1	292.489990	292.720001
2020-02-05 17:35:37.648	0.00	92.3902	-20.9911	1	292.510010	292.730011
2020-02-05 17:35:38.621	0.00	92.2570	-20.9996	1	292.489990	292.730011
2020-02-05 17:35:39.535	0.00	92.3717	-21.0083	1	292.510010	292.720001
2020-02-05 17:35:40.480	0.00	92.3786	-21.0001	1	292.510010	292.730011
2020-02-05 17:35:41.447	0.00	92.4759	-21.0063	1	292.510010	292.720001
2020-02-05 17:35:42.373	0.00	92.5066	-21.0007	1	292.489990	292.720001
2020-02-05 17:35:43.313	0.00	92.4454	-21.0034	1	292.489990	292.720001
2020-02-05 17:35:44.270	0.00	92.5261	-21.0076	1	292.480011	292.709991
2020-02-05 17:35:45.202	0.00	92.4832	-21.0146	1	292.480011	292.720001
2020-02-05 17:35:46.117	0.00	92.3987	-21.0124	1	292.519989	292.730011
2020-02-05 17:35:47.073	0.00	92.4208	-21.0063	1	292.500000	292.709991
2020-02-05 17:35:48.023	0.00	92.3525	-21.0093	1	292.489990	292.730011
2020-02-05 17:35:48.973	0.00	92.3834	-21.0050	1	292.489990	292.720001
2020-02-05 17:35:49.910	0.00	92.2141	-21.0074	1	292.489990	292.720001
2020-02-05 17:35:50.826	0.00	92.2034	-20.9957	1	292.489990	292.730011
2020-02-05 17:35:51.768	0.00	92.2835	-21.0046	1	292.480011	292.730011
2020-02-05 17:35:52.709	0.00	92.2710	-21.0096	1	292.480011	292.730011
2020-02-05 17:35:53.641	0.00	92.3123	-21.0017	1	292.500000	292.709991
2020-02-05 17:35:54.616	0.00	92.2689	-21.0093	1	292.480011	292.709991
2020-02-05 17:35:55.534	0.00	92.3592	-21.0148	1	292.480011	292.720001
2020-02-05 17:35:56.456	0.00	92.2292	-21.0121	1	292.489990	292.720001
2020-02-05 17:35:57.410	0.00	92.1669	-21.0124	1	292.489990	292.730011
2020-02-05 17:35:58.367	0.00	92.2968	-21.0092	1	292.480011	292.709991
2020-02-05 17:35:59.295	0.00	92.3536	-21.0083	1	292.480011	292.730011
2020-02-05 17:36:00.235	0.00	92.5442	-21.0106	1	292.489990	292.709991
2020-02-05 17:36:01.169	0.00	92.5187	-21.0121	1	292.489990	292.730011
2020-02-05 17:36:02.110	0.00	92.6142	-21.0122	1	292.480011	292.700012
2020-02-05 17:36:03.045	0.00	92.6667	-21.0105	1	292.480011	292.720001
2020-02-05 17:36:03.998	0.00	92.5859	-21.0109	1	292.480011	292.720001
2020-02-05 17:36:04.939	0.00	92.6421	-21.0041	1	292.480011	292.730011
2020-02-05 17:36:05.874	0.00	92.6425	-21.0013	1	292.489990	292.709991
2020-02-05 17:36:06.831	0.00	92.7507	-21.0038	1	292.480011	292.709991
2020-02-05 17:36:07.770	0.00	92.8767	-21.0007	1	292.470001	292.709991
2020-02-05 17:36:08.686	0.00	92.8562	-21.0054	1	292.480011	292.739990
2020-02-05 17:36:09.648	0.00	92.9297	-21.0015	1	292.470001	292.709991
2020-02-05 17:36:10.599	0.00	92.7948	-21.0001	1	292.480011	292.709991
2020-02-05 17:36:11.522	0.00	92.8752	-21.0002	1	292.480011	292.730011
2020-02-05 17:36:12.463	0.00	92.7978	-21.0062	1	292.470001	292.709991
2020-02-05 17:36:13.360	0.00	92.8303	-21.0034	1	292.480011	292.709991
2020-02-05 17:36:14.340	0.00	92.8668	-20.9984	1	292.470001	292.709991
2020-02-05 17:36:15.266	0.00	92.8770	-21.0061	1	292.470001	292.720001
2020-02-05 17:36:16.222	0.00	92.9899	-21.0105	1	292.470001	292.709991
2020-02-05 17:36:17.139	0.00	92.9114	-21.0138	1	292.459991	292.700012
2020-02-05 17:36:18.089	0.00	93.0335	-21.0025	1	292.470001	292.709991
2020-02-05 17:36:19.041	0.00	93.0236	-21.0011	1	292.459991	292.709991
2020-02-05 17:36:19.966	0.00	93.0321	-21.0027	1	292.470001	292.720001
2020-02-05 17:36:20.913	0.00	93.0994	-21.0029	1	292.470001	292.720001
2020-02-05 17:36:21.847	0.00	92.9824	-21.0057	1	292.470001	292.730011
2020-02-05 17:36:22.811	0.00	92.9753	-20.9960	1	292.470001	292.709991
2020-02-05 17:36:23.766	0.00	92.9089	-21.0044	1	292.470001	292.730011
2020-02-05 17:36:24.693	0.00	92.8671	-21.0105	1	292.459991	292.709991
2020-02-05 17:36:25.660	0.00	92.9236	-21.0067	1	292.470001	292.709991
2020-02-05 17:36:26.589	0.00	92.8291	-20.9966	1	292.459991	292.709991
2020-02-05 17:36:27.538	0.00	92.8875	-20.9951	1	292.470001	292.709991
2020-02-05 17:36:28.473	0.00	92.9649	-20.9901	1	292.470001	292.720001
2020-02-05 17:36:29.398	0.00	92.9148	-20.9984	1	292.470001	292.709991
2020-02-05 17:36:30.357	0.00	92.9380	-21.0057	1	292.470001	292.709991
2020-02-05 17:36:31.249	0.00	92.8561	-21.0104	1	292.459991	292.709991
2020-02-05 17:36:32.211	0.00	92.9276	-21.0031	1	292.470001	292.709991
2020-02-05 17:36:33.167	0.00	92.8603	-21.0001	1	292.470001	292.709991
2020-02-05 17:36:34.088	0.00	92.9524	-21.0071	1	292.470001	292.709991
2020-02-05 17:36:35.043	0.00	93.0944	-21.0081	1	292.450012	292.709991
2020-02-05 17:36:35.995	0.00	93.0364	-21.0037	1	292.470001	292.709991
2020-02-05 17:36:36.940	0.00	93.1091	-21.0085	1	292.459991	292.709991
2020-02-05 17:36:37.889	0.00	93.0871	-21.0026	1	292.459991	292.709991
2020-02-05 17:36:38.813	0.00	93.1130	-21.0058	1	292.480011	292.709991
2020-02-05 17:36:39.736	0.00	93.0886	-21.0012	1	292.459991	292.709991
2020-02-05 17:36:40.695	0.00	92.9891	-21.0011	1	292.459991	292.709991
2020-02-05 17:36:41.626	0.00	93.0352	-20.9983	1	292.459991	292.709991
2020-02-05 17:36:42.593	0.00	92.9357	-21.0021	1	292.459991	292.709991
2020-02-05 17:36:43.518	0.00	92.9861	-20.9971	1	292.450012	292.720001
2020-02-05 17:36:44.468	0.00	93.0389	-20.9963	1	292.459991	292.700012
2020-02-05 17:36:45.410	0.00	93.0002	-20.9996	1	292.459991	292.720001
2020-02-05 17:36:46.343	0.00	93.0732	-20.9983	1	292.459991	292.720001
2020-02-05 17:36:47.291	0.00	93.0231	-21.0015	1	292.459991	292.730011
2020-02-05 17:36:48.225	0.00	93.1170	-21.0023	1	292.440002	292.709991
2020-02-05 17:36:49.185	0.00	93.0434	-21.0097	1	292.470001	292.709991
2020-02-05 17:36:50.107	0.00	92.9722	-21.0116	1	292.459991	292.720001
2020-02-05 17:36:51.056	0.00	93.0000	-21.0113	1	292.450012	292.709991
2020-02-05 17:36:51.991	0.00	92.8614	-21.0088	1	292.459991	292.730011
2020-02-05 17:36:52.930	0.00	93.0184	-21.0084	1	292.459991	292.709991
2020-02-05 17:36:53.899	0.00	93.0632	-21.0098	1	292.459991	292.709991
2020-02-05 17:36:54.820	0.00	93.0287	-21.0055	1	292.459991	292.720001
2020-02-05 17:36:55.770	0.00	93.0688	-21.0065	1	292.459991	292.730011
2020-02-05 17:36:56.716	0.00	92.9468	-21.0109	1	292.459991	292.709991
2020-02-05 17:36:57.650	0.00	92.7272	-21.0091	1	292.459991	292.720001
2020-02-05 17:36:58.621	0.00	92.6999	-21.0081	1	292.470001	292.730011
2020-02-05 17:36:59.549	0.00	92.6081	-21.0107	1	292.450012	292.709991
2020-02-05 17:37:00.457	0.00	92.6504	-21.0118	1	292.470001	292.720001
2020-02-05 17:37:01.407	0.00	92.6238	-21.0082	1	292.440002	292.700012
2020-02-05 17:37:02.328	0.00	92.7885	-21.0067	1	292.450012	292.709991
2020-02-05 17:37:03.305	0.00	92.8048	-21.0089	1	292.450012	292.720001
2020-02-05 17:37:04.208	0.00	92.8087	-21.0051	1	292.450012	292.709991
2020-02-05 17:37:05.162	0.00	92.8869	-21.0098	1	292.470001	292.730011
2020-02-05 17:37:06.126	0.00	92.8087	-21.0082	1	292.450012	292.709991
2020-02-05 17:37:07.055	0.00	92.9373	-21.0085	1	292.450012	292.720001
2020-02-05 17:37:07.995	0.00	92.8186	-21.0112	1	292.470001	292.700012
2020-02-05 17:37:08.932	0.00	92.8390	-21.0130	1	292.470001	292.709991
2020-02-05 17:37:09.873	0.00	92.8025	-21.0073	1	292.470001	292.700012
2020-02-05 17:37:10.808	0.00	92.7984	-21.0074	1	292.459991	292.709991
2020-02-05 17:37:11.742	0.00	92.8676	-21.0120	1	292.459991	292.709991
2020-02-05 17:37:12.698	0.00	92.7029	-21.0125	1	292.459991	292.709991
2020-02-05 17:37:13.619	0.00	92.6678	-21.0123	1	292.450012	292.709991
2020-02-05 17:37:14.562	0.00	92.6547	-21.0130	1	292.459991	292.720001
2020-02-05 17:37:15.489	0.00	92.8273	-21.0096	1	292.459991	292.709991
2020-02-05 17:37:16.435	0.00	92.8454	-21.0116	1	292.459991	292.720001
2020-02-05 17:37:17.355	0.00	92.9342	-21.0113	1	292.459991	292.700012
2020-02-05 17:37:18.294	0.00	92.9618	-21.0068	1	292.470001	292.709991
2020-02-05 17:37:19.236	0.00	92.8951	-21.0107	1	292.459991	292.709991
2020-02-05 17:37:20.171	0.00	93.0091	-21.0114	1	292.459991	292.720001
2020-02-05 17:37:21.128	0.00	92.9053	-21.0107	1	292.459991	292.709991
2020-02-05 17:37:22.062	0.00	92.8955	-21.0156	1	292.470001	292.709991
2020-02-05 17:37:23.004	0.00	92.8933	-21.0151	1	292.450012	292.720001
2020-02-05 17:37:23.921	0.00	92.8537	-21.0138	1	292.470001	292.709991
2020-02-05 17:37:24.868	0.00	92.9544	-21.0107	1	292.480011	292.709991
2020-02-05 17:37:25.838	0.00	92.8267	-21.0130	1	292.470001	292.720001
2020-02-05 17:37:26.760	0.00	92.8711	-21.0181	1	292.459991	292.709991
2020-02-05 17:37:27.694	0.00	92.8592	-21.0166	1	292.470001	292.700012
2020-02-05 17:37:28.662	0.00	92.9022	-21.0170	1	292.470001	292.720001
2020-02-05 17:37:29.595	0.00	92.9425	-21.0156	1	292.470001	292.709991
2020-02-05 17:37:30.565	0.00	92.8005	-21.0122	1	292.459991	292.720001
2020-02-05 17:37:31.448	0.00	92.8572	-21.0097	1	292.459991	292.720001
2020-02-05 17:37:32.403	0.00	92.8243	-21.0089	1	292.470001	292.709991
2020-02-05 17:37:33.362	0.00	92.8846	-21.0093	1	292.459991	292.709991
2020-02-05 17:37:34.302	0.00	92.9691	-21.0116	1	292.470001	292.720001
2020-02-05 17:37:35.260	0.00	92.8817	-21.0122	1	292.470001	292.709991
2020-02-05 17:37:36.152	0.00	92.9391	-21.0088	1	292.470001	292.709991
2020-02-05 17:37:37.125	0.00	92.9125	-21.0095	1	292.470001	292.709991
2020-02-05 17:37:38.025	0.00	92.9089	-21.0080	1	292.470001	292.709991
2020-02-05 17:37:38.986	0.00	92.9596	-21.0071	1	292.459991	292.700012
2020-02-05 17:37:39.939	0.00	92.9833	-21.0117	1	292.470001	292.720001
2020-02-05 17:37:40.885	0.00	93.0198	-21.0124	1	292.470001	292.720001
2020-02-05 17:37:41.839	0.00	92.9673	-21.0115	1	292.470001	292.709991
2020-02-05 17:37:42.772	0.00	92.9282	-21.0136	1	292.470001	292.720001
2020-02-05 17:37:43.704	0.00	92.9964	-21.0115	1	292.470001	292.720001
2020-02-05 17:37:44.646	0.00	92.8478	-21.0124	1	292.470001	292.709991
2020-02-05 17:37:45.622	0.00	92.9366	-21.0082	1	292.470001	292.709991
2020-02-05 17:37:46.497	0.00	92.8724	-21.0089	1	292.459991	292.709991
2020-02-05 17:37:47.454	0.00	92.9926	-21.0127	1	292.480011	292.709991
2020-02-05 17:37:48.410	0.00	93.0694	-21.0146	1	292.470001	292.709991
2020-02-05 17:37:49.371	0.00	93.0902	-21.0102	1	292.480011	292.720001
2020-02-05 17:37:50.296	0.00	93.2065	-21.0055	1	292.470001	292.709991
2020-02-05 17:37:51.228	0.00	93.1223	-21.0036	1	292.480011	292.709991
2020-02-05 17:37:52.189	0.00	93.1458	-21.0064	1	292.480011	292.709991
2020-02-05 17:37:53.102	0.00	93.0243	-21.0125	1	292.470001	292.709991
2020-02-05 17:37:54.046	0.00	93.0340	-21.0118	1	292.470001	292.700012
2020-02-05 17:37:54.991	0.00	93.0331	-21.0104	1	292.459991	292.720001
2020-02-05 17:37:55.932	0.00	93.0462	-21.0099	1	292.489990	292.720001
2020-02-05 17:37:56.850	0.00	93.1321	-21.0090	1	292.489990	292.709991
2020-02-05 17:37:57.792	0.00	93.0795	-21.0100	1	292.480011	292.720001
2020-02-05 17:37:58.745	0.00	93.0842	-21.0096	1	292.470001	292.700012
2020-02-05 17:37:59.671	0.00	92.9891	-21.0056	1	292.480011	292.730011
2020-02-05 17:38:00.629	0.00	93.0185	-21.0056	1	292.470001	292.700012
2020-02-05 17:38:01.556	0.00	93.0093	-21.0128	1	292.489990	292.720001
2020-02-05 17:38:02.488	0.00	92.9423	-21.0177	1	292.480011	292.709991
2020-02-05 17:38:03.435	0.00	93.0656	-21.0109	1	292.480011	292.720001
2020-02-05 17:38:04.392	0.00	92.9872	-21.0134	1	292.470001	292.720001
2020-02-05 17:38:05.282	0.00	92.9609	-21.0090	1	292.480011	292.709991
2020-02-05 17:38:06.251	0.00	92.9029	-21.0165	1	292.489990	292.720001
2020-02-05 17:38:07.190	0.00	92.8259	-21.0134	1	292.470001	292.709991
2020-02-05 17:38:08.142	0.00	92.8627	-21.0104	1	292.489990	292.720001
2020-02-05 17:38:09.091	0.00	92.7941	-21.0137	1	292.489990	292.720001
2020-02-05 17:38:10.013	0.00	92.8622	-21.0095	1	292.480011	292.709991
2020-02-05 17:38:10.921	0.00	92.8343	-21.0065	1	292.480011	292.720001
2020-02-05 17:38:11.894	0.00	92.7742	-21.0163	1	292.480011	292.720001
2020-02-05 17:38:12.831	0.00	92.7744	-21.0219	1	292.480011	292.709991
2020-02-05 17:38:13.772	0.00	92.6045	-21.0179	1	292.470001	292.709991
2020-02-05 17:38:14.710	0.00	92.6063	-21.0132	1	292.480011	292.709991
2020-02-05 17:38:15.669	0.00	92.4751	-21.0214	1	292.489990	292.709991
2020-02-05 17:38:16.610	0.00	92.4353	-21.0128	1	292.470001	292.709991
2020-02-05 17:38:17.534	0.00	92.3812	-21.0145	1	292.489990	292.720001
2020-02-05 17:38:18.470	0.00	92.3596	-21.0222	1	292.489990	292.700012
2020-02-05 17:38:19.423	0.00	92.5180	-21.0189	1	292.470001	292.700012
2020-02-05 17:38:20.356	0.00	92.4336	-21.0230	1	292.480011	292.700012
2020-02-05 17:38:21.317	0.00	92.5402	-21.0234	1	292.480011	292.720001
2020-02-05 17:38:22.244	0.00	92.4667	-21.0265	1	292.470001	292.709991
2020-02-05 17:38:23.176	0.00	92.4000	-21.0213	1	292.470001	292.709991
2020-02-05 17:38:24.135	0.00	92.3859	-21.0217	1	292.480011	292.709991
2020-02-05 17:38:25.063	0.00	92.2536	-21.0258	1	292.480011	292.709991
2020-02-05 17:38:26.003	0.00	92.4016	-21.0257	1	292.480011	292.709991
2020-02-05 17:38:26.954	0.00	92.4093	-21.0259	1	292.470001	292.720001
2020-02-05 17:38:27.870	0.00	92.5259	-21.0245	1	292.489990	292.709991
2020-02-05 17:38:28.846	0.00	92.6348	-21.0219	1	292.470001	292.700012
2020-02-05 17:38:29.774	0.00	92.6833	-21.0213	1	292.480011	292.720001
2020-02-05 17:38:30.746	0.00	92.7848	-21.0228	1	292.470001	292.720001
2020-02-05 17:38:31.678	0.00	92.7774	-21.0191	1	292.470001	292.709991
2020-02-05 17:38:32.603	0.00	92.7583	-21.0239	1	292.489990	292.720001
2020-02-05 17:38:33.520	0.00	92.8235	-21.0207	1	292.470001	292.709991
2020-02-05 17:38:34.480	0.00	92.7669	-21.0239	1	292.470001	292.709991
2020-02-05 17:38:35.440	0.00	92.9032	-21.0251	1	292.480011	292.730011
2020-02-05 17:38:36.369	0.00	92.8195	-21.0207	1	292.470001	292.709991
2020-02-05 17:38:37.311	0.00	92.8710	-21.0210	1	292.489990	292.709991
2020-02-05 17:38:38.229	0.00	92.9894	-21.0206	1	292.480011	292.720001
2020-02-05 17:38:39.176	0.00	92.9412	-21.0195	1	292.480011	292.720001
2020-02-05 17:38:40.109	0.00	92.9498	-21.0199	1	292.489990	292.709991
2020-02-05 17:38:41.056	0.00	92.7454	-21.0226	1	292.480011	292.709991
2020-02-05 17:38:41.980	0.00	92.7976	-21.0241	1	292.470001	292.720001
2020-02-05 17:38:42.936	0.00	92.7891	-21.0241	1	292.480011	292.720001
2020-02-05 17:38:43.866	0.00	92.8799	-21.0216	1	292.480011	292.709991
2020-02-05 17:38:44.810	0.00	92.8861	-21.0230	1	292.470001	292.730011
2020-02-05 17:38:45.778	0.00	92.8533	-21.0255	1	292.470001	292.730011
2020-02-05 17:38:46.673	0.00	92.9500	-21.0225	1	292.480011	292.730011
2020-02-05 17:38:47.611	0.00	92.9523	-21.0181	1	292.480011	292.730011
2020-02-05 17:38:48.565	0.00	93.0802	-21.0116	1	292.480011	292.700012
2020-02-05 17:38:49.506	0.00	93.0534	-21.0135	1	292.480011	292.709991
2020-02-05 17:38:50.434	0.00	93.0202	-21.0146	1	292.489990	292.720001
2020-02-05 17:38:51.391	0.00	93.0969	-21.0160	1	292.489990	292.709991
2020-02-05 17:38:52.343	0.00	92.9407	-21.0202	1	292.500000	292.730011
2020-02-05 17:38:53.281	0.00	92.8908	-21.0208	1	292.489990	292.709991
2020-02-05 17:38:54.189	0.00	92.7630	-21.0259	1	292.500000	292.720001
2020-02-05 17:38:55.161	0.00	92.6494	-21.0234	1	292.489990	292.720001
2020-02-05 17:38:56.089	0.00	92.5809	-21.0283	1	292.489990	292.709991
2020-02-05 17:38:57.027	0.00	92.4427	-21.0257	1	292.500000	292.709991
2020-02-05 17:38:57.941	0.00	92.5624	-21.0250	1	292.500000	292.730011
2020-02-05 17:38:58.873	0.00	92.4750	-21.0300	1	292.500000	292.709991
2020-02-05 17:38:59.832	0.00	92.5427	-21.0262	1	292.500000	292.720001
2020-02-05 17:39:00.765	0.00	92.3849	-21.0274	1	292.500000	292.720001
2020-02-05 17:39:01.718	0.00	92.4205	-21.0255	1	292.500000	292.709991
2020-02-05 17:39:02.649	0.00	92.3007	-21.0312	1	292.500000	292.730011
2020-02-05 17:39:03.591	0.00	92.3146	-21.0329	1	292.489990	292.720001
2020-02-05 17:39:04.521	0.00	92.2716	-21.0301	1	292.500000	292.700012
2020-02-05 17:39:05.456	0.00	92.2611	-21.0265	1	292.500000	292.709991
2020-02-05 17:39:06.380	0.00	92.3998	-21.0187	1	292.500000	292.720001
2020-02-05 17:39:07.358	0.00	92.4139	-21.0233	1	292.489990	292.720001
2020-02-05 17:39:08.296	0.00	92.6215	-21.0263	1	292.510010	292.709991
2020-02-05 17:39:09.219	0.00	92.6659	-21.0259	1	292.480011	292.709991
2020-02-05 17:39:10.148	0.00	92.6200	-21.0247	1	292.489990	292.709991
2020-02-05 17:39:11.093	0.00	92.7224	-21.0229	1	292.489990	292.709991
2020-02-05 17:39:12.023	0.00	92.5955	-21.0233	1	292.500000	292.720001
2020-02-05 17:39:12.971	0.00	92.6829	-21.0231	1	292.500000	292.720001
2020-02-05 17:39:13.891	0.00	92.5903	-21.0254	1	292.500000	292.709991
2020-02-05 17:39:14.837	0.00	92.6360	-21.0252	1	292.489990	292.709991
2020-02-05 17:39:15.791	0.00	92.5710	-21.0242	1	292.489990	292.720001
2020-02-05 17:39:16.702	0.00	92.6087	-21.0259	1	292.489990	292.720001
2020-02-05 17:39:17.648	0.00	92.6402	-21.0266	1	292.489990	292.720001
2020-02-05 17:39:18.601	0.00	92.5384	-21.0313	1	292.489990	292.720001
2020-02-05 17:39:19.526	0.00	92.5842	-21.0341	1	292.510010	292.709991
2020-02-05 17:39:20.462	0.00	92.4573	-21.0313	1	292.489990	292.720001
2020-02-05 17:39:21.423	0.00	92.4475	-21.0325	1	292.510010	292.730011
2020-02-05 17:39:22.356	0.00	92.4248	-21.0351	1	292.510010	292.730011
2020-02-05 17:39:23.317	0.00	92.4115	-21.0341	1	292.500000	292.700012
2020-02-05 17:39:24.236	0.00	92.4955	-21.0303	1	292.489990	292.709991
2020-02-05 17:39:25.157	0.00	92.4620	-21.0293	1	292.489990	292.709991
2020-02-05 17:39:26.126	0.00	92.3436	-21.0310	1	292.500000	292.720001
2020-02-05 17:39:27.059	0.00	92.4181	-21.0272	1	292.510010	292.720001
2020-02-05 17:39:27.998	0.00	92.4170	-21.0280	1	292.519989	292.700012
2020-02-05 17:39:28.946	0.00	92.5783	-21.0254	1	292.519989	292.730011
2020-02-05 17:39:29.873	0.00	92.5215	-21.0243	1	292.489990	292.720001
2020-02-05 17:39:30.829	0.00	92.5447	-21.0267	1	292.510010	292.709991
2020-02-05 17:39:31.767	0.00	92.5787	-21.0305	1	292.519989	292.730011
2020-02-05 17:39:32.720	0.00	92.4911	-21.0301	1	292.510010	292.720001
2020-02-05 17:39:33.632	0.00	92.5805	-21.0303	1	292.510010	292.720001
2020-02-05 17:39:34.582	0.00	92.4076	-21.0278	1	292.519989	292.700012
2020-02-05 17:39:35.535	0.00	92.4616	-21.0257	1	292.510010	292.709991
2020-02-05 17:39:36.471	0.00	92.5400	-21.0321	1	292.519989	292.730011
2020-02-05 17:39:37.432	0.00	92.5834	-21.0333	1	292.500000	292.709991
2020-02-05 17:39:38.353	0.00	92.6700	-21.0336	1	292.519989	292.720001
2020-02-05 17:39:39.277	0.00	92.5643	-21.0349	1	292.519989	292.709991
2020-02-05 17:39:40.235	0.00	92.5513	-21.0402	1	292.519989	292.730011
2020-02-05 17:39:41.176	0.00	92.5303	-21.0394	1	292.500000	292.709991
2020-02-05 17:39:42.129	0.00	92.5436	-21.0386	1	292.519989	292.720001
2020-02-05 17:39:43.067	0.00	92.5659	-21.0387	1	292.519989	292.709991
2020-02-05 17:39:44.004	0.00	92.4424	-21.0409	1	292.519989	292.709991
2020-02-05 17:39:44.953	0.00	92.5694	-21.0368	1	292.519989	292.709991
2020-02-05 17:39:45.872	0.00	92.6635	-21.0373	1	292.540009	292.720001
2020-02-05 17:39:46.829	0.00	92.7678	-21.0281	1	292.519989	292.720001
2020-02-05 17:39:47.786	0.00	92.9075	-21.0299	1	292.529999	292.720001
2020-02-05 17:39:48.714	0.00	92.8741	-21.0276	1	292.500000	292.720001
2020-02-05 17:39:49.666	0.00	92.9169	-21.0269	1	292.510010	292.720001
2020-02-05 17:39:50.575	0.00	92.9425	-21.0252	1	292.519989	292.709991
2020-02-05 17:39:51.552	0.00	92.8320	-21.0269	1	292.529999	292.720001
2020-02-05 17:39:52.492	0.00	92.8555	-21.0255	1	292.510010	292.720001
2020-02-05 17:39:53.422	0.00	92.7345	-21.0295	1	292.519989	292.720001
2020-02-05 17:39:54.359	0.00	92.7724	-21.0286	1	292.510010	292.709991
2020-02-05 17:39:55.252	0.00	92.7871	-21.0236	1	292.519989	292.730011
2020-02-05 17:39:56.257	0.00	92.7417	-21.0290	1	292.510010	292.730011
2020-02-05 17:39:57.202	0.00	92.8724	-21.0269	1	292.519989	292.730011
2020-02-05 17:39:58.139	0.00	92.8255	-21.0274	1	292.519989	292.709991
2020-02-05 17:39:59.050	0.00	92.9485	-21.0259	1	292.519989	292.720001
2020-02-05 17:39:59.973	0.00	92.8742	-21.0281	1	292.519989	292.730011
2020-02-05 17:40:00.914	0.00	92.9348	-21.0282	1	292.529999	292.720001
2020-02-05 17:40:01.852	0.00	92.8276	-21.0268	1	292.519989	292.700012
2020-02-05 17:40:02.773	0.00	92.8291	-21.0263	1	292.529999	292.730011
2020-02-05 17:40:03.729	0.00	92.7492	-21.0237	1	292.519989	292.720001
2020-02-05 17:40:04.663	0.00	92.6743	-21.0181	1	292.529999	292.709991
2020-02-05 17:40:05.615	0.00	92.6919	-21.0214	1	292.519989	292.730011
2020-02-05 17:40:06.553	0.00	92.6124	-21.0275	1	292.519989	292.720001
2020-02-05 17:40:07.497	0.00	92.6235	-21.0283	1	292.510010	292.730011
2020-02-05 17:40:08.431	0.00	92.7059	-21.0202	1	292.519989	292.720001
2020-02-05 17:40:09.356	0.00	92.7338	-21.0196	1	292.519989	292.730011
2020-02-05 17:40:10.308	0.00	92.7875	-21.0231	1	292.529999	292.730011
2020-02-05 17:40:11.234	0.00	92.6922	-21.0221	1	292.519989	292.709991
2020-02-05 17:40:12.185	0.00	92.7689	-21.0242	1	292.519989	292.720001
2020-02-05 17:40:13.132	0.00	92.7049	-21.0226	1	292.519989	292.720001
2020-02-05 17:40:14.056	0.00	92.7479	-21.0202	1	292.510010	292.720001
2020-02-05 17:40:15.017	0.00	92.8177	-21.0142	1	292.529999	292.730011
2020-02-05 17:40:15.951	0.00	92.7109	-21.0210	1	292.519989	292.709991
2020-02-05 17:40:16.894	0.00	92.7783	-21.0232	1	292.510010	292.730011
2020-02-05 17:40:17.834	0.00	92.6900	-21.0226	1	292.529999	292.709991
2020-02-05 17:40:18.792	0.00	92.5549	-21.0239	1	292.519989	292.720001
2020-02-05 17:40:19.698	0.00	92.6013	-21.0230	1	292.529999	292.720001
2020-02-05 17:40:20.641	0.00	92.6421	-21.0248	1	292.529999	292.720001
2020-02-05 17:40:21.635	0.00	92.7333	-21.0210	1	292.529999	292.709991
2020-02-05 17:40:22.524	0.00	92.7184	-21.0202	1	292.529999	292.709991
2020-02-05 17:40:23.479	0.00	92.7897	-21.0213	1	292.529999	292.720001
2020-02-05 17:40:24.427	0.00	92.8880	-21.0228	1	292.529999	292.730011
2020-02-05 17:40:25.358	0.00	92.7828	-21.0227	1	292.519989	292.720001
2020-02-05 17:40:26.318	0.00	92.7678	-21.0236	1	292.519989	292.720001
2020-02-05 17:40:27.244	0.00	92.6797	-21.0267	1	292.529999	292.720001
2020-02-05 17:40:28.211	0.00	92.6548	-21.0232	1	292.519989	292.730011
2020-02-05 17:40:29.134	0.00	92.7434	-21.0219	1	292.529999	292.720001
2020-02-05 17:40:30.108	0.00	92.7534	-21.0211	1	292.500000	292.709991
2020-02-05 17:40:31.035	0.00	92.7904	-21.0222	1	292.519989	292.709991
2020-02-05 17:40:31.991	0.00	92.7330	-21.0239	1	292.529999	292.720001
2020-02-05 17:40:32.897	0.00	92.6094	-21.0219	1	292.540009	292.720001
2020-02-05 17:40:33.845	0.00	92.6215	-21.0228	1	292.519989	292.720001
2020-02-05 17:40:34.773	0.00	92.5905	-21.0229	1	292.519989	292.720001
2020-02-05 17:40:35.719	0.00	92.7105	-21.0250	1	292.529999	292.720001
2020-02-05 17:40:36.657	0.00	92.6345	-21.0240	1	292.529999	292.720001
2020-02-05 17:40:37.619	0.00	92.5998	-21.0237	1	292.519989	292.720001
2020-02-05 17:40:38.537	0.00	92.6738	-21.0220	1	292.519989	292.720001
2020-02-05 17:40:39.477	0.00	92.6705	-21.0231	1	292.529999	292.720001
2020-02-05 17:40:40.429	0.00	92.7471	-21.0223	1	292.519989	292.730011
2020-02-05 17:40:41.365	0.00	92.7295	-21.0229	1	292.519989	292.720001
2020-02-05 17:40:42.309	0.00	92.7402	-21.0190	1	292.510010	292.730011
2020-02-05 17:40:43.252	0.00	92.8516	-21.0183	1	292.519989	292.730011
2020-02-05 17:40:44.139	0.00	92.7871	-21.0182	1	292.519989	292.720001
2020-02-05 17:40:45.120	0.00	92.8147	-21.0218	1	292.519989	292.720001
2020-02-05 17:40:46.060	0.00	92.7272	-21.0230	1	292.529999	292.720001
2020-02-05 17:40:47.032	0.00	92.6759	-21.0249	1	292.510010	292.730011
2020-02-05 17:40:47.964	0.00	92.6531	-21.0252	1	292.529999	292.709991
2020-02-05 17:40:48.896	0.00	92.5484	-21.0267	1	292.519989	292.730011
2020-02-05 17:40:49.867	0.00	92.6057	-21.0237	1	292.519989	292.730011
2020-02-05 17:40:50.766	0.00	92.5833	-21.0218	1	292.519989	292.720001
2020-02-05 17:40:51.739	0.00	92.7931	-21.0184	1	292.500000	292.730011
2020-02-05 17:40:52.661	0.00	92.8569	-21.0187	1	292.519989	292.730011
2020-02-05 17:40:53.604	0.00	92.7473	-21.0223	1	292.519989	292.730011
2020-02-05 17:40:54.550	0.00	92.8185	-21.0253	1	292.510010	292.730011
2020-02-05 17:40:55.496	0.00	92.7395	-21.0286	1	292.519989	292.709991
2020-02-05 17:40:56.444	0.00	92.7138	-21.0210	1	292.519989	292.730011
2020-02-05 17:40:57.359	0.00	92.7092	-21.0274	1	292.519989	292.730011
2020-02-05 17:40:58.305	0.00	92.6657	-21.0273	1	292.519989	292.720001
2020-02-05 17:40:59.257	0.00	92.7683	-21.0272	1	292.519989	292.720001
2020-02-05 17:41:00.190	0.00	92.7089	-21.0275	1	292.529999	292.709991
2020-02-05 17:41:01.132	0.00	92.6831	-21.0302	1	292.500000	292.720001
2020-02-05 17:41:02.075	0.00	92.6942	-21.0251	1	292.519989	292.709991
2020-02-05 17:41:03.010	0.00	92.6540	-21.0279	1	292.510010	292.730011
2020-02-05 17:41:03.998	0.00	92.7482	-21.0273	1	292.519989	292.730011
2020-02-05 17:41:04.934	0.00	92.6950	-21.0237	1	292.519989	292.709991
2020-02-05 17:41:05.881	0.00	92.7951	-21.0236	1	292.510010	292.720001
2020-02-05 17:41:06.785	0.00	92.8300	-21.0245	1	292.510010	292.730011
2020-02-05 17:41:07.716	0.00	92.7401	-21.0277	1	292.500000	292.720001
2020-02-05 17:41:08.658	0.00	92.8479	-21.0266	1	292.510010	292.720001
2020-02-05 17:41:09.597	0.00	92.7108	-21.0260	1	292.489990	292.730011
2020-02-05 17:41:10.556	0.00	92.7447	-21.0255	1	292.500000	292.720001
2020-02-05 17:41:11.492	0.00	92.6859	-21.0296	1	292.510010	292.709991
2020-02-05 17:41:12.432	0.00	92.6202	-21.0300	1	292.510010	292.720001
2020-02-05 17:41:13.368	0.00	92.6914	-21.0292	1	292.500000	292.730011
2020-02-05 17:41:14.330	0.00	92.6045	-21.0355	1	292.489990	292.720001
2020-02-05 17:41:15.276	0.00	92.6865	-21.0300	1	292.519989	292.709991
2020-02-05 17:41:16.195	0.00	92.7576	-21.0323	1	292.510010	292.709991
2020-02-05 17:41:17.146	0.00	92.7650	-21.0290	1	292.500000	292.720001
2020-02-05 17:41:18.093	0.00	92.8863	-21.0278	1	292.500000	292.720001
2020-02-05 17:41:19.027	0.00	92.8769	-21.0292	1	292.489990	292.720001
2020-02-05 17:41:20.003	0.00	92.8913	-21.0302	1	292.500000	292.720001
2020-02-05 17:41:20.915	0.00	93.0044	-21.0250	1	292.500000	292.720001
2020-02-05 17:41:21.865	0.00	92.9666	-21.0271	1	292.500000	292.730011
2020-02-05 17:41:22.806	0.00	93.0840	-21.0243	1	292.519989	292.720001
2020-02-05 17:41:23.735	0.00	93.0139	-21.0240	1	292.489990	292.720001
2020-02-05 17:41:24.662	0.00	93.1254	-21.0225	1	292.489990	292.709991
2020-02-05 17:41:25.589	0.00	93.0354	-21.0229	1	292.489990	292.709991
2020-02-05 17:41:26.538	0.00	93.0205	-21.0224	1	292.489990	292.720001
2020-02-05 17:41:27.513	0.00	92.9782	-21.0243	1	292.500000	292.709991
2020-02-05 17:41:28.423	0.00	92.8481	-21.0245	1	292.489990	292.720001
2020-02-05 17:41:29.349	0.00	92.8595	-21.0256	1	292.500000	292.709991
